-3.584753 6.334221 -0.010095 0.2347793407030934
-3.601525 6.327849 -1.16678 0.281874087840253
-3.596795 6.328337 -0.840916 0.2615384389574014
-3.574849 6.339803 0.552292 0.2408267824787562
-3.571411 6.351256 1.549856 0.2292380752120622
-3.576032 6.355112 2.549063 0.2224658351310908
-3.578628 6.348365 3.545414 0.2171724981332566
-3.581449 6.35159 4.545414 0.2163677250628768
-3.589107 6.36167 5.545414 0.2180693580746028
-3.605631 6.358444 6.545414 0.2168778798555288
-3.622962 6.369331 7.545414 0.2160160600279892
-3.635053 6.379007 8.545414 0.2210833212480066
-3.628202 6.384652 9.545414 0.1884484896987296
-3.624171 6.388281 10.545414 0.1795859832046256
-3.620141 6.396345 11.545414 0.1686312182898816
-3.614901 6.397151 12.545414 0.1566911912976592
-3.60805 6.406425 13.545414 0.1506286172373938
-3.593943 6.375379 15.545414 0.1352941887856742
-3.580988 6.362707 16.545414 0.1024910373828708
