-7.091239 -6.491943 -0.079821 0.2984438064639308
-7.104155 -6.498298 -1.063916 0.348285037874254
-7.098457 -6.490034 -0.787041 0.3131690931632994
-7.086332 -6.491962 0.598173 0.291251439405453
-7.088468 -6.502218 1.598173 0.2862292031655512
-7.087614 -6.511192 2.598173 0.2784898372642106
-7.087614 -6.520167 3.598173 0.2710423194743762
-7.087614 -6.519739 4.598173 0.2598333910226378
-7.083769 -6.520167 5.598173 0.2511552903040462
-7.087186 -6.515893 6.598173 0.2368982494211724
-7.086759 -6.522731 7.598173 0.2299761697066756
-7.088041 -6.521021 8.598173 0.2124220662738452
-7.088895 -6.525295 9.598173 0.2031539069907446
-7.088468 -6.523158 10.598173 0.1913992251998852
-7.094876 -6.539825 11.598173 0.1844192480612908
-7.092313 -6.531278 12.598173 0.1678949794845092
-7.091031 -6.534269 13.598173 0.167136634820686
-7.094326 -6.525844 14.598173 0.132578293167197
-7.100429 -6.531217 15.598173 0.1384329773036142
-7.084623 -6.520533 16.598173 0.104208396905249
-7.081633 -6.498738 17.598173 0.0824926867279134
