-3.623667 -8.407042 -0.532475 0.228783747995178
-3.62603 -8.408704 -1.444191 0.2770219312830976
-3.625183 -8.409574 -1.241025 0.244525261306929
-3.621992 -8.403971 0.15581 0.2211304471956836
-3.616337 -8.397559 1.15581 0.2175699517708476
-3.610681 -8.394164 2.15581 0.2101871042663622
-3.601255 -8.397181 3.15581 0.2050631229622164
-3.596731 -8.400953 4.15581 0.201047442070054
-3.592584 -8.400953 5.15581 0.1892717898160854
-3.586174 -8.404725 6.15581 0.1826224363221686
-3.581649 -8.408497 7.15581 0.1759964129917628
-3.578256 -8.407365 8.15581 0.15962168333619
-3.584666 -8.407365 9.15581 0.1592021995429384
-3.574109 -8.403216 10.15581 0.1406349906053032
-3.565437 -8.402085 11.15581 0.129361020155776
-3.548093 -8.390769 12.15581 0.1065925749459056
-3.529242 -8.305149 14.15581 0.0903857171942558
