2.039704 -5.954656 0.0 0.3301664125548322
2.044115 -5.951679 -0.988195 0.3698892042377188
2.044467 -5.957869 -0.711043 0.3499340579878916
2.062003 -5.962306 0.697196 0.3179427594422318
2.073482 -5.959656 1.697196 0.3127041322796818
2.082753 -5.96319 2.697196 0.3037578135755014
2.10836 -5.969373 3.697196 0.2979063834982174
2.121605 -5.972023 4.697196 0.290237100547648
2.138382 -5.972465 5.697196 0.2820206572816814
2.153835 -5.976882 6.697196 0.281485537264153
2.172819 -5.98174 7.697196 0.2634776108960236
2.19092 -5.994548 8.697196 0.2687448142192474
2.219618 -6.00824 9.697196 0.239250102868912
2.228006 -6.019282 11.697196 0.197738299635135
2.229331 -6.003382 12.697196 0.2050708009724106
2.254496 -6.009124 14.697196 0.1754065852172018
