0.412561 -4.648044 0.0 0.2619249720169772
0.390477 -4.681996 -1.268236 0.3328133248604854
0.398532 -4.673774 -0.972701 0.2886727493547848
0.418534 -4.650709 0.420729 0.254727220107298
0.43252 -4.647027 1.420729 0.2482730928245428
0.416325 -4.635613 2.420729 0.2411316019962784
0.420374 -4.630826 3.420729 0.2383551939830188
0.414853 -4.611311 4.420729 0.2323720660743708
0.41154 -4.60542 5.420729 0.2328341772006606
0.413749 -4.595846 6.420729 0.220391015689883
0.420742 -4.580014 7.420729 0.2268493487055
0.420742 -4.578541 8.420729 0.2078848559182804
0.43436 -4.58701 9.420729 0.1829759351170368
0.432152 -4.572281 10.420729 0.1837077566962428
0.448714 -4.573386 11.420729 0.1677001248514934
0.453131 -4.584064 12.420729 0.1588395516837368
0.463805 -4.575227 13.420729 0.1505742633653428
0.476687 -4.585905 14.420729 0.1197840571766716
