-1.901889 -10.156748 0.0 0.3078263721843366
-1.882856 -10.209837 -1.746526 0.356479238729675
-1.889978 -10.189751 -1.445607 0.3238621134274962
-1.894213 -10.136018 -0.060946 0.281034689580463
-1.889742 -10.117009 0.939054 0.2728347384255948
-1.888624 -10.098373 1.939054 0.2656155177027858
-1.887506 -10.092037 2.939054 0.2570770041158118
-1.892723 -10.081228 3.939054 0.2493112001951876
-1.900919 -10.075637 4.939054 0.236489798233847
-1.9039 -10.079364 5.939054 0.2333258828612336
-1.912842 -10.086818 6.939054 0.217424762848736
-1.91545 -10.089055 7.939054 0.2025132375947378
-1.923274 -10.089055 8.939054 0.1877990407453104
-1.917313 -10.083091 9.939054 0.1801180327105494
-1.936687 -10.088309 10.939054 0.1835711859837724
