2.559584 -4.524239 -0.087568 0.2536362478072102
2.590301 -4.513726 -1.283052 0.3081611837406818
2.571844 -4.524629 -0.787375 0.2695475240298504
2.556056 -4.531926 0.625225 0.2476182903563266
2.553931 -4.535266 1.625225 0.2323758088527244
2.559091 -4.538605 2.625225 0.2340208524115444
2.557573 -4.536176 3.625225 0.2267575261004486
2.562126 -4.537695 4.625225 0.2215276921320438
2.56425 -4.531318 5.625225 0.2218400247542408
2.568499 -4.525853 6.625225 0.2070804944520438
2.560608 -4.520084 7.625225 0.2020190821572796
2.551806 -4.505206 8.625225 0.1811923759987854
2.521759 -4.517655 9.625225 0.1753308639087682
2.54088 -4.515833 10.625225 0.1816589219638086
2.526312 -4.515226 11.625225 0.1681036049256182
2.517814 -4.511279 12.625225 0.1598869190081624
2.525705 -4.518566 13.625225 0.1742129776433466
