2.697014 2.141817 -0.927523 0.286365598206875
2.702664 2.158167 -2.264331 0.3372684767698948
2.700099 2.154396 -1.917331 0.3223799492418828
2.706704 2.138777 -0.517554 0.284957471235596
2.712751 2.122518 0.482446 0.281268824411139
2.723712 2.097186 1.482446 0.2724925308555536
2.734672 2.062022 2.482446 0.263830640642804
2.753948 2.021565 3.482446 0.2540640174168692
2.774357 1.984511 4.482446 0.249711960431535
2.806483 1.935736 5.482446 0.239046134491178
2.839743 1.88507 6.482446 0.235200262311079
2.868845 1.83327 7.482446 0.2192899155331782
2.898326 1.790923 8.482446 0.2208024850099012
2.91042 1.742904 9.482446 0.2012107155556442
2.948972 1.689591 10.482446 0.176830675846721
2.975428 1.599981 12.482446 0.148211575940644
