-2.093392 -0.79703 -0.448372 0.2345539718689018
-2.125478 -0.787916 -1.575934 0.280105759286747
-2.114782 -0.793333 -1.207346 0.2553441966471578
-2.063832 -0.79149 0.177231 0.2259196041994248
-2.021109 -0.79666 1.177231 0.2219361213795596
-1.981708 -0.804195 2.177231 0.2175758209449848
-1.960436 -0.805851 3.177231 0.2115746782210162
-1.941894 -0.815788 4.177231 0.2031154495536608
-1.928319 -0.826387 5.177231 0.1979946363898278
-1.903487 -0.830693 6.177231 0.1857547296314234
-1.885608 -0.844936 7.177231 0.1748870576600196
-1.863756 -0.852223 8.177231 0.1672633324592304
-1.832633 -0.868453 10.177231 0.1623231592158522
-1.790584 -0.873421 12.177231 0.1170995455950876
-1.774502 -0.886978 13.177231 0.1285371438535656
-1.753974 -0.894927 14.177231 0.1123457188680564
-1.749008 -0.895258 15.177231 0.0903988678080234
