-1.76098 -5.81172 0.134171 0.2891166594855424
-1.75327 -5.773253 -1.016083 0.3142070791365122
-1.757221 -5.803834 -0.575476 0.29182995207182
-1.749223 -5.80559 0.825593 0.2793016634131348
-1.736065 -5.806824 1.825593 0.2799903308100502
-1.716327 -5.807236 2.825593 0.266827898585804
-1.704814 -5.818754 3.825593 0.2611984493466436
-1.688366 -5.826981 4.825593 0.251309474964337
-1.673151 -5.856188 5.825593 0.24625430507184
-1.666572 -5.870585 6.825593 0.236295749183071
-1.660404 -5.88704 7.825593 0.2265480559758572
-1.646012 -5.905962 8.825593 0.2040018275895724
-1.6382 -5.919126 9.825593 0.1913235668120688
-1.616817 -5.93229 10.825593 0.1519813026098266
-1.609416 -5.931878 11.825593 0.1417661854017132
-1.595435 -5.931467 12.825593 0.1176095591630896
