-4.590468 -1.955217 -0.404183 0.3423787497562328
-4.593376 -1.937441 -1.312755 0.3991942146689418
-4.592224 -1.94569 -1.121548 0.371139242683778
-4.576338 -1.95411 0.27666 0.3338318317138956
-4.56525 -1.95672 1.27666 0.3230132730843492
-4.559381 -1.958351 2.27666 0.3066047186200104
-4.552533 -1.962592 3.27666 0.295304472901567
-4.540468 -1.970421 4.27666 0.2876193502121124
-4.536555 -1.980208 5.27666 0.2742556356287
-4.520902 -1.989994 6.27666 0.273754706975286
-4.509163 -2.002717 7.27666 0.2608370259843112
-4.496445 -2.016092 8.27666 0.2567490281593098
-4.46351 -2.036318 9.27666 0.2730441734622674
-4.460575 -2.04643 10.27666 0.2437852756724806
-4.483728 -2.038601 11.27666 0.15798274604745
