-6.521671 5.403855 0.243947 0.1936856470777314
-6.515043 5.395638 -0.985031 0.214277298672026
-6.510369 5.395671 -0.646677 0.213203107009464
-6.525741 5.404299 0.737623 0.1925750950705664
-6.543815 5.391604 1.737623 0.1869556436282338
-6.56112 5.369675 2.737623 0.1835338380912068
-6.573426 5.345824 3.737623 0.1769654968836026
-6.584304 5.321752 4.737623 0.1742036809428212
-6.606279 5.302626 5.737623 0.1690462635667088
-6.615948 5.291855 6.737623 0.1532559188615392
-6.623639 5.27119 7.737623 0.1427874487642342
-6.626056 5.251405 8.737623 0.1390168459963684
-6.64891 5.238435 9.737623 0.1279911404927788
-6.654404 5.229642 10.737623 0.134317933932378
-6.658359 5.237116 11.737623 0.1266739981646544
-6.642977 5.228323 12.737623 0.1082452822633658
-6.652865 5.206559 13.737623 0.0725871146684362
