1.622231 -4.420793 -0.144335 0.2748722703932774
1.624561 -4.442581 -1.100386 0.2968251352765236
1.627038 -4.43948 -0.855566 0.2859458331178404
1.62807 -4.420533 0.558847 0.283560298943846
1.625156 -4.401585 1.558847 0.2667454468328418
1.62807 -4.395755 2.558847 0.2658610502380766
1.644582 -4.387496 3.558847 0.257937652281228
1.646525 -4.391382 4.558847 0.2422605464607456
1.648467 -4.389925 5.558847 0.2463495449247726
1.651381 -4.384581 6.558847 0.2230273504265478
1.656723 -4.378751 7.558847 0.2037046393636306
1.657694 -4.370006 8.558847 0.189919770146616
1.665465 -4.385067 9.558847 0.1981096090419868
