2.81756 2.948705 0.828301 0.315610285521048
2.861728 2.965603 -0.59052 0.4036939057721368
2.860065 2.945289 -0.19812 0.3564311185386804
2.807474 2.958041 1.200538 0.3172678075797928
2.804435 2.989054 2.200538 0.3015179493212296
2.813249 3.015203 3.200538 0.2877372703360952
2.817504 3.033751 4.200538 0.2852045943686106
2.834829 3.079663 5.200538 0.2752394824824052
2.843339 3.112197 6.200538 0.2582663513147764
2.860967 3.147468 7.200538 0.2577917995219962
2.872821 3.175441 8.200538 0.2447035059988568
2.882243 3.206758 9.200538 0.2349879650262986
2.895312 3.226826 10.200538 0.2233520330391422
2.905646 3.267266 11.200538 0.2330157356531166
2.963393 3.321996 12.200538 0.196361061133364
