8.335666 -7.619161 0.177253 0.289534997901201
8.358125 -7.641044 -0.997139 0.3534894467238838
8.348411 -7.635772 -0.688953 0.330387873331459
8.33052 -7.625386 0.726957 0.289348986933928
8.316753 -7.637943 1.726957 0.2770573280130602
8.301772 -7.641993 2.726957 0.2746891921617876
8.293269 -7.644829 3.726957 0.271515739550979
8.296509 -7.654955 4.726957 0.2565133097353634
8.289625 -7.65617 5.726957 0.2502169862494484
8.297723 -7.661031 6.726957 0.244856717649946
8.28922 -7.65293 7.726957 0.2101226450866318
8.29246 -7.677638 8.726957 0.2336073362641936
8.280313 -7.691815 9.726957 0.237952966085861
8.319183 -7.658601 10.726957 0.2319351036909908
8.276264 -7.695866 11.726957 0.2183460945769956
8.274239 -7.699511 12.726957 0.2059909398333598
8.282742 -7.6906 13.726957 0.1944765550018658
8.279503 -7.697486 15.726957 0.184846880993432
8.284362 -7.699106 16.726957 0.1516749993848844
8.268976 -7.689385 17.726957 0.144012724686319
