9.463449 -0.612805 -0.349827 0.403366531350948
9.459196 -0.621929 -1.450748 0.4747207974245576
9.461066 -0.622533 -1.058168 0.4412268514688798
9.460377 -0.617725 0.344435 0.396797157293162
9.462245 -0.604177 1.344435 0.3657950737550896
9.463645 -0.60698 2.344435 0.340929981757841
9.465046 -0.599038 3.344435 0.3335724823961872
9.465513 -0.596235 4.344435 0.3307879217701762
9.453372 -0.591564 5.344435 0.315960075202381
9.446368 -0.574279 6.344435 0.3177632300228524
9.4445 -0.567272 7.344435 0.3057867505970278
9.441698 -0.558396 8.344435 0.2998518159938938
9.442165 -0.55606 9.344435 0.2737115688045472
9.439363 -0.545783 10.344435 0.2731644177759112
9.4445 -0.528965 11.344435 0.2501734515701018
9.447301 -0.515418 12.344435 0.2418102433677178
