6.032664 -2.273591 -0.075239 0.336658210710761
6.038096 -2.29766 -1.046978 0.384750189595225
6.040046 -2.284644 -0.800032 0.3571801086687356
6.020879 -2.261369 0.613976 0.3247648221456934
6.015786 -2.255255 1.613976 0.3147055762003332
6.015276 -2.258821 2.613976 0.3030438505707008
6.000505 -2.239968 3.613976 0.2989725812958748
5.993375 -2.239459 4.613976 0.2932831450359186
5.984643 -2.233563 5.613976 0.2867223686462248
5.979113 -2.229195 6.613976 0.2851440379189206
5.994539 -2.225992 7.613976 0.2460402849435368
5.987554 -2.216384 8.613976 0.2513957852984552
5.983188 -2.210269 9.613976 0.2449884895888402
5.984352 -2.202117 10.613976 0.2250244532519856
5.969799 -2.196293 11.613976 0.2206140991972372
5.975911 -2.19804 12.613976 0.1799543392759738
5.97009 -2.200952 13.613976 0.1859004832149916
5.96456 -2.212599 14.613976 0.166775650771426
