2.019184 -6.961509 1.27225 0.3464581049514576
2.014029 -6.970949 0.328048 0.3745648061337456
2.018651 -6.967706 0.569143 0.3635034637056158
2.012122 -6.963068 1.977825 0.3482045301298284
1.996888 -6.958379 2.977825 0.3365687786279528
1.982239 -6.951345 3.977825 0.3353946633131382
1.97052 -6.935518 4.977825 0.3206225060932198
1.958216 -6.934346 5.977825 0.3171388954510786
1.946497 -6.942552 6.977825 0.303304182672297
1.923645 -6.958965 7.977825 0.2985466266824734
1.904895 -6.982998 8.977825 0.2873646952018264
1.887903 -6.992963 9.977825 0.2827776064650804
1.869153 -7.015824 10.977825 0.2771017522425192
1.873254 -7.032823 11.977825 0.2545673794026368
1.851575 -7.033995 12.977825 0.2487291820737804
