4.145971 -3.510774 0.590634 0.3420011587057714
4.166927 -3.520913 -0.396069 0.4085110403685404
4.16259 -3.516775 -0.119748 0.3839497060818194
4.135429 -3.513934 1.279718 0.329200535825628
4.122591 -3.51352 2.279718 0.3246074629079186
4.112239 -3.506477 3.279718 0.3132341650890448
4.102714 -3.506891 4.279718 0.306560995040794
4.083251 -3.50482 5.279718 0.309296105248435
4.073726 -3.506891 6.279718 0.2982755627423948
4.062131 -3.511034 7.279718 0.2899901304439956
4.054263 -3.508548 8.279718 0.2864926453776812
4.040598 -3.510205 9.279718 0.2771987443019078
4.028589 -3.516834 10.279718 0.2720489048423734
4.016994 -3.51352 11.279718 0.2554863425613496
4.014095 -3.516834 12.279718 0.2423430614496072
4.000015 -3.519319 13.279718 0.2356296873930848
4.003328 -3.532576 14.279718 0.2064864111630904
