9.196427 1.418587 -0.626323 0.279810515456883
9.210522 1.457157 -1.674675 0.3222859015342968
9.216391 1.44807 -1.375386 0.3106546143723574
9.188171 1.409407 0.021509 0.2765865398592498
9.202252 1.390764 1.021509 0.2667176044804896
9.197282 1.361764 2.021509 0.257904792330884
9.204322 1.342292 3.021509 0.2522877558299282
9.211777 1.33152 4.021509 0.2460896445183124
9.215918 1.317434 5.021509 0.2444324751949568
9.212605 1.309149 6.021509 0.2377264800578506
9.2271 1.333592 7.021509 0.237587195835788
9.214676 1.323235 8.021509 0.219075702399245
9.213847 1.325306 9.021509 0.219799420106322
9.221302 1.354306 10.021509 0.1995264182964832
9.273896 1.248662 12.021509 0.1860057351694506
9.302471 1.259433 13.021509 0.1711943314842626
