4.203912 3.501797 -0.710631 0.2284409191255834
4.219886 3.525114 -1.850682 0.2572999802212322
4.215909 3.518069 -1.554942 0.2444080926960308
4.198656 3.493574 -0.152431 0.2249640474438444
4.199411 3.473579 0.847569 0.217027361979988
4.201296 3.45698 1.847569 0.206981512636907
4.200542 3.43774 2.847569 0.2053454079607108
4.199788 3.416614 3.847569 0.1967019876485584
4.206953 3.402278 4.847569 0.1934396770489742
4.211101 3.383038 5.847569 0.1799050910772886
4.209592 3.369457 6.847569 0.1749631102005488
4.205067 3.369834 7.847569 0.1670554417047004
4.207707 3.354744 8.847569 0.1608438807132238
4.208084 3.3306 9.847569 0.1500802321789854
4.211101 3.318528 10.847569 0.1474905789328332
