-1.930059 -8.402817 0.621759 0.267134448253426
-1.915591 -8.421801 -0.403844 0.2805775680382494
-1.915276 -8.42036 -0.254452 0.2718849275169004
-1.929526 -8.392754 1.152156 0.2507619794519294
-1.934809 -8.386337 2.152156 0.2469155060480454
-1.936695 -8.368219 3.152156 0.2371025950991888
-1.924621 -8.362557 4.152156 0.2423908923074572
-1.928395 -8.371994 5.152156 0.2183623022900382
-1.944242 -8.369729 6.152156 0.2104235412138316
-1.948392 -8.362935 7.152156 0.20256346591246
-1.963485 -8.358405 8.152156 0.1775325516265914
-1.972918 -8.355385 9.152156 0.181960853357017
-1.982351 -8.352366 10.152156 0.1656153758882798
-2.004612 -8.324433 11.152156 0.1597170654907946
