-3.410659 3.788863 0.023194 0.3051486730151038
-3.452383 3.806527 -0.992942 0.3894115073762016
-3.446061 3.804679 -0.846177 0.361020298769796
-3.398777 3.780718 0.563695 0.3017490960588954
-3.370614 3.771864 1.563695 0.2865352267848648
-3.367416 3.767789 2.354708 0.2848300208713342
-3.360519 3.751691 3.354708 0.286876772670725
-3.346265 3.725935 4.354708 0.279762308322022
-3.343046 3.709838 5.354708 0.2727794634712276
-3.342127 3.683162 6.354708 0.2643588797440134
-3.33385 3.656946 7.354708 0.2560918156237732
-3.325574 3.638089 8.354708 0.2512909801498728
-3.305342 3.621072 9.354708 0.2295331290050098
-3.290629 3.594856 10.354708 0.2188596193440674
-3.259362 3.571399 11.354708 0.2109585268015416
-3.235912 3.552082 12.354708 0.204613533012755
-3.232693 3.518968 13.354708 0.2020004170527386
-3.219819 3.488152 14.354708 0.1849362593199094
-3.166481 3.443079 15.354708 0.1618110598292836
-3.137514 3.4394 16.354708 0.1259054394185858
