-1.876123 -3.584047 0.562818 0.3756848737149192
-1.886974 -3.573037 -0.231422 0.4001414128190206
-1.8794 -3.573777 -0.131681 0.3999012700472884
-1.866497 -3.586977 1.270256 0.3634114958781484
-1.859734 -3.58382 2.270256 0.358029286929142
-1.853873 -3.583368 3.270256 0.3546332627338842
-1.848913 -3.565777 4.270256 0.3364767055828774
-1.849815 -3.572092 5.270256 0.342590071532491
-1.841699 -3.572092 6.270256 0.3402435720504102
-1.837641 -3.565777 7.270256 0.3271060694058458
-1.834034 -3.555403 8.270256 0.3247037218082056
-1.831779 -3.543224 9.270256 0.3172944238796236
-1.828623 -3.539616 10.270256 0.3074149309809474
-1.825467 -3.52879 11.270256 0.2978177695623088
-1.823213 -3.522926 12.270256 0.2927875417911702
-1.828623 -3.503531 13.270256 0.2784161456736492
-1.834936 -3.508041 14.270256 0.2718807111643142
-1.832681 -3.494961 15.270256 0.2465844441626072
-1.841248 -3.484135 16.270256 0.2312770901243172
-1.831329 -3.458425 17.270256 0.2036950246795324
-1.844855 -3.467446 18.270256 0.2020596629008422
-1.851618 -3.450306 19.270256 0.19643219450545
-1.887689 -3.431361 21.270256 0.1990994623882494
-1.876868 -3.434969 22.270256 0.1452794756938602
