1.399236 -3.168684 0.430562 0.3421500970307734
1.395291 -3.162617 -0.373368 0.374669700827021
1.406805 -3.164777 -0.266701 0.3635022875147444
1.405114 -3.169066 1.127198 0.337593936569405
1.409769 -3.171183 2.127198 0.3343121039882978
1.415694 -3.164409 3.127198 0.3199763911198934
1.423311 -3.165679 4.127198 0.3163280017706342
1.422888 -3.161869 5.127198 0.3123122932536964
1.420772 -3.149592 6.127198 0.2992729744270354
1.423734 -3.135622 7.127198 0.2930924269234228
1.423734 -3.132658 8.127198 0.2958776505842482
1.420772 -3.136045 9.127198 0.2890335163983018
1.423734 -3.136468 10.127198 0.2743010259865582
1.418656 -3.104294 11.127198 0.268507676355767
1.412308 -3.096674 12.127198 0.2646250096981304
1.410615 -3.08863 13.127198 0.2634826352116168
1.409346 -3.085244 14.127198 0.2567099944964906
1.407653 -3.065346 15.127198 0.2415947660976608
1.398343 -3.058573 16.127198 0.2305461812631824
1.405288 -3.044496 17.127198 0.2111467370719798
1.406178 -3.036485 18.127198 0.1981905773024128
1.412731 -3.040792 19.127198 0.2111467370719798
