0.624121 3.752168 0.007265 0.3910907645454918
0.658865 3.758407 -1.106436 0.4394218804013218
0.639906 3.749076 -0.799465 0.4181260440645086
0.618237 3.760333 0.600812 0.4017048297489852
0.610921 3.756429 1.600812 0.3773704733980192
0.600191 3.758869 2.600812 0.3718415592068624
0.605556 3.75155 3.600812 0.3625352024515494
0.599215 3.74228 4.600812 0.361302101768942
0.612384 3.75155 5.600812 0.3451748044684892
0.614822 3.761309 6.600812 0.3434487299213192
0.616286 3.760821 7.600812 0.3271006769493558
0.617749 3.760821 8.600812 0.321727062994603
0.632869 3.759357 9.600812 0.3074010640553638
0.649451 3.7657 10.600812 0.2859236729021244
0.654329 3.775946 11.600812 0.2829961267631946
0.652866 3.774971 12.600812 0.2736142940652084
0.661157 3.775459 13.600812 0.266863486588916
0.666034 3.769603 14.600812 0.2517203932463284
0.671887 3.7657 15.600812 0.2429863295311568
0.682617 3.756429 16.600812 0.2221492967890246
0.689933 3.752038 17.600812 0.1981113886334114
0.694323 3.750086 18.600812 0.194745460666541
0.715295 3.753502 19.600812 0.1840421240738446
0.724074 3.742768 20.600812 0.158986259358839
