5.087426 1.811171 0.417593 0.327116835102001
5.08832 1.80511 -0.676015 0.3807366381071708
5.083954 1.808006 -0.343444 0.355887011390928
5.086169 1.816677 1.052745 0.326828784237146
5.088193 1.819715 2.052745 0.3190554374331594
5.088699 1.822753 3.052745 0.3100277793573478
5.087687 1.82731 4.052745 0.306683455258677
5.087687 1.829841 5.052745 0.2993633950078918
5.088193 1.83136 6.052745 0.2915546356736442
5.086169 1.832373 7.052745 0.2821359478051602
5.085156 1.832373 8.052745 0.2724667899531736
5.083132 1.829841 9.052745 0.2634467170369626
5.080601 1.827816 10.052745 0.258185819486541
5.079083 1.824272 11.052745 0.248302556823286
5.070479 1.82174 12.052745 0.2364366198931298
5.071491 1.81769 13.052745 0.2293627785986848
5.062381 1.809589 14.052745 0.2158461561605556
5.053777 1.815664 15.052745 0.1992978035931076
5.05074 1.801994 16.052745 0.1819459793944066
5.043655 1.805032 17.052745 0.1783423814731748
5.040112 1.814145 18.052745 0.158111512971247
