9.935364 -2.75341 0.43091 0.3882847278632768
9.929474 -2.767738 -0.416439 0.4684701560033028
9.929524 -2.761565 -0.269142 0.4415319558807388
9.94655 -2.742142 1.134493 0.3791498413733818
9.958516 -2.72643 2.134493 0.3751968538853574
9.974969 -2.70623 3.134493 0.3808234478247148
9.998153 -2.682288 4.134493 0.3628119854174118
10.012363 -2.674058 5.134493 0.3581223017987834
10.027694 -2.660965 6.134493 0.3468965208018728
10.046391 -2.635902 7.134493 0.3402307981570376
10.058357 -2.617572 8.134493 0.3376786765016858
10.07481 -2.593256 9.134493 0.3237112624108804
10.086776 -2.579415 10.134493 0.3160539426515892
10.094255 -2.571933 11.134493 0.3177404334289358
10.106595 -2.560337 12.134493 0.2867685663634026
10.125666 -2.54687 13.134493 0.2900941499720012
10.134266 -2.539388 14.134493 0.2475559502973996
10.160442 -2.530036 16.134493 0.2427490693898372
10.138754 -2.528539 17.134493 0.2015832824636748
10.162686 -2.525173 18.134493 0.1962931180804152
10.17353 -2.506094 19.134493 0.1790774520734658
