-3.604033 -4.16796 -0.477071 0.3292028361656868
-3.60073 -4.153492 -1.419534 0.3700705537193226
-3.602283 -4.159538 -1.22 0.3514417318747848
-3.589843 -4.152065 0.181951 0.320155180019707
-3.589412 -4.154377 1.181951 0.3056054227123296
-3.583543 -4.161717 2.181951 0.3037713439599022
-3.573858 -4.169937 3.181951 0.3013014786421204
-3.568869 -4.171405 4.181951 0.2953159443394754
-3.558598 -4.16935 5.181951 0.2902118312236492
-3.555957 -4.173166 6.181951 0.2871864206328924
-3.552435 -4.169937 7.181951 0.2815012612235256
-3.543337 -4.172873 8.181951 0.2795345048665304
-3.540109 -4.161129 9.181951 0.2664747266269582
-3.548327 -4.167001 10.181951 0.2631575656654552
-3.548327 -4.164946 11.181951 0.2573632766034392
-3.54099 -4.168469 12.181951 0.239468388207503
-3.5495 -4.176396 13.181951 0.2375135667252606
-3.548913 -4.167295 14.181951 0.2100610163181048
-3.555957 -4.161129 15.181951 0.1994355582703916
-3.545979 -4.169643 17.181951 0.176718579895268
