3.646581 -2.570555 0.243915 0.280716793501564
3.657015 -2.582335 -1.095349 0.378609521719998
3.638706 -2.578364 -0.691416 0.3272786197223798
3.647533 -2.576671 0.712655 0.2705494325084484
3.641055 -2.58488 1.712655 0.2516162670087224
3.639759 -2.586608 2.712655 0.2485336933088196
3.636736 -2.577967 3.712655 0.245066049219387
3.641487 -2.569758 4.712655 0.2407014922713848
3.649261 -2.564141 5.712655 0.2282997134329188
3.659194 -2.564141 6.712655 0.2253033723353376
3.673878 -2.55334 7.712655 0.2131677394294376
3.667399 -2.552476 8.712655 0.2023242828362846
3.670423 -2.544699 9.712655 0.2050255921222596
3.684675 -2.535626 10.712655 0.1974397557271096
3.702382 -2.531306 11.712655 0.1651799697520564
