1.904895 -5.059655 -0.098718 0.2314302764905208
1.926667 -5.062497 -1.372668 0.3026323866936464
1.909716 -5.063094 -0.820827 0.2512541841709268
1.903484 -5.062669 0.585342 0.2309570348240882
1.905254 -5.063259 1.585342 0.228839638673992
1.907614 -5.064144 2.585342 0.2223445668499614
1.908204 -5.062078 3.585342 0.2128569109386738
1.912924 -5.063554 4.585342 0.2078417825163158
1.918824 -5.062964 5.585342 0.1979738735557682
1.921479 -5.062373 6.585342 0.189748947728625
1.93092 -5.072703 7.585342 0.1895888700862732
1.917644 -5.055881 8.585342 0.1908608257748396
1.93505 -5.070932 9.585342 0.1643416399923836
1.938 -5.069456 10.585342 0.1552012730508904
1.95275 -5.078015 11.585342 0.1211321477713626
