5.930673 -4.86098 -0.006085 0.1888183068009524
5.968428 -4.856711 -1.415832 0.2064546278611452
5.940706 -4.859347 -0.913321 0.1920805624136482
5.926582 -4.858289 0.485752 0.190074902654644
5.923277 -4.850175 1.485752 0.1866150527220708
5.927783 -4.843564 2.485752 0.1782735141854968
5.938598 -4.846569 3.485752 0.1761005945927532
5.951214 -4.853782 4.485752 0.1736318424195214
5.964432 -4.872113 5.485752 0.1685124931936108
5.964132 -4.877522 6.485752 0.1714293318056632
5.969238 -4.884134 7.485752 0.159412076203026
5.96323 -4.881429 8.485752 0.1502740176046416
5.971041 -4.871813 9.485752 0.1234086054847456
