9.536326 -8.858991 0.101246 0.3042234145603154
9.550453 -8.863123 -1.054526 0.3565066387018202
9.544395 -8.862119 -0.60265 0.331703867152592
9.522881 -8.862386 0.797793 0.293364590815113
9.519846 -8.869152 1.797013 0.2891638729069242
9.512604 -8.874266 2.797013 0.2875715693055276
9.507917 -8.877249 3.797013 0.286248758583398
9.500675 -8.87938 4.797013 0.282703357923987
9.495563 -8.887904 5.797013 0.2754133737073106
9.485339 -8.911344 6.797013 0.2532800637519186
9.47767 -8.940324 7.797013 0.2656960330510162
9.474688 -8.965043 8.797013 0.2537824208557068
9.459778 -8.969731 9.797013 0.2229702544137288
9.455517 -8.986778 10.797013 0.228874548135706
9.436773 -9.002973 11.797013 0.2197048138296958
9.405674 -9.004252 12.797013 0.205811085554068
9.383521 -9.002121 13.797013 0.1840575567114854
9.342623 -8.99999 15.797013 0.185284650284406
9.344099 -8.978727 16.797013 0.1591140999224494
9.359192 -8.958513 17.797013 0.128286180327103
