0.411317 2.504221 -0.106508 0.2834256573679844
0.411008 2.523031 -0.810537 0.309259213854092
0.40919 2.519423 -0.706194 0.304151252629064
0.405821 2.485057 0.686423 0.2782351837386734
0.413134 2.464528 1.686423 0.2642803989876914
0.410775 2.457449 2.686423 0.2543942207060042
0.412426 2.458629 3.686423 0.2544438187325274
0.420683 2.458865 4.686423 0.245711715988288
0.426344 2.452022 5.686423 0.23152730366907
0.428703 2.452258 6.686423 0.2233972382865834
0.428231 2.44164 7.686423 0.2128401070418728
0.425872 2.441404 8.686423 0.2076811631233064
0.424929 2.433617 9.686423 0.1988255841521554
0.423749 2.429841 10.686423 0.177163187721023
0.422098 2.426774 11.686423 0.1609988524571108
0.39898 2.416627 13.686423 0.1495207070670672
0.367273 2.400274 15.686226 0.1200900739058102
0.35305 2.403526 16.686226 0.0958427151771936
0.342891 2.405152 17.686226 0.0934879292565814
0.313227 2.407184 18.686226 0.0981557747850146
