9.880673 -2.523702 0.254664 0.2478332584634856
9.904811 -2.519923 -0.878534 0.287868648062531
9.892621 -2.520945 -0.472876 0.26328364899099
9.890227 -2.517508 0.938929 0.2412632116824254
9.90853 -2.510269 1.938929 0.2405151354870784
9.91832 -2.517508 2.938929 0.2307923694636156
9.920874 -2.514101 3.938929 0.2207544759890162
9.930239 -2.508991 4.938929 0.2075696955419202
9.946839 -2.506011 5.938929 0.2040249711819172
9.988554 -2.525173 6.938929 0.2133583663333722
9.962163 -2.518785 7.938929 0.1906612962669274
9.960035 -2.505159 8.938929 0.1710188404806014
9.967271 -2.518359 9.938929 0.1518647510951174
