4.235246 -2.510588 0.288844 0.2011148750761636
4.236187 -2.530642 -0.977957 0.2364559640298102
4.235023 -2.524755 -0.478983 0.2197929266531322
4.23685 -2.508768 0.907382 0.193448655308943
4.23408 -2.508768 1.907382 0.1932483383924434
4.232102 -2.506789 2.907382 0.188813418772706
4.232893 -2.508372 3.907382 0.1882635221837534
4.232497 -2.513518 4.907382 0.1817491296047304
4.226562 -2.520643 5.907382 0.1757205521588544
4.223793 -2.519059 6.907382 0.1699638682095662
4.22498 -2.521038 7.907382 0.1580892419711658
4.228936 -2.52183 8.907382 0.1644126084138064
4.232893 -2.51431 9.907382 0.1584598623597216
