1.360788 -3.52964 0.297136 0.2648343553426942
1.374307 -3.557013 -0.737505 0.313413488307394
1.366286 -3.536255 -0.376774 0.2768158419697316
1.358741 -3.528929 1.020651 0.2631843069158926
1.361005 -3.521003 2.020651 0.254485711430253
1.364777 -3.520626 3.020651 0.2553936291871304
1.364777 -3.520626 4.020651 0.2469856698508086
1.366286 -3.514587 5.020651 0.251730377439596
1.373455 -3.527042 6.020651 0.2496870447557218
1.375341 -3.524777 7.020651 0.23268093804115
1.373832 -3.519116 8.020651 0.2310759491116728
1.384773 -3.508548 9.020651 0.22056065315069
1.370814 -3.516096 10.020651 0.2136214132594114
1.370436 -3.515342 11.020651 0.2015779985210216
1.357986 -3.553461 12.020651 0.1923756581180132
1.349686 -3.529306 13.020651 0.1782435316129618
1.366664 -3.5244 14.020651 0.1498971819965774
