4.506338 -9.92196 0.725289 0.3660239549503134
4.440502 -9.915489 -0.335245 0.4623056109872884
4.467087 -9.925114 0.115293 0.3861953816339208
4.538893 -9.93254 1.509528 0.3470089490711978
4.5669 -9.934812 2.509528 0.33469681047996
4.586581 -9.94617 3.509528 0.3359490042897992
4.612317 -9.943141 4.509528 0.3405645765870764
4.610046 -9.948442 5.509528 0.310471790442751
4.597935 -9.940112 6.509528 0.3064967907581246
4.607018 -9.944656 7.509528 0.2998672422041756
4.598692 -9.939355 8.509528 0.2961655802908634
4.600963 -9.951471 9.509528 0.2917659437971462
4.600206 -9.949199 10.509528 0.2730992929552438
4.610803 -9.963587 11.509528 0.2685826474636556
