5.145079 -7.335121 0.596663 0.252768249350421
5.119046 -7.332949 -0.391568 0.2988669609967146
5.134575 -7.336044 0.073563 0.269605139137682
5.152417 -7.33723 1.482347 0.2457993621235384
5.15545 -7.344435 2.482347 0.2365766893058066
5.153175 -7.353537 3.482347 0.229592864130175
5.158103 -7.356571 4.482347 0.2202543184577914
5.159999 -7.356951 5.482347 0.2214808387223762
5.1763 -7.343298 6.482347 0.2190126137481914
5.173646 -7.317888 7.482347 0.212891745475436
5.171751 -7.293237 8.482347 0.2026502802748576
5.175163 -7.318267 9.482347 0.20278270366091
5.163032 -7.30689 10.482347 0.1798900575623788
5.156966 -7.307648 11.482347 0.1750437839904724
5.159241 -7.318267 12.482347 0.1640150032606506
5.161515 -7.325094 13.482347 0.156330775214978
5.161136 -7.320922 14.482347 0.1545132392451378
5.18881 -7.318646 16.482347 0.1114705943762926
