12.267851 -8.046979 0.597635 0.285139337199891
12.23332 -8.073198 -0.495132 0.3174840760766408
12.264561 -8.047202 -0.098622 0.309399831181272
12.275801 -8.032467 1.298042 0.282699631827574
12.280803 -8.021095 2.298042 0.2818612806413692
12.314906 -7.9565 3.298042 0.262918868380951
12.301265 -7.985678 4.298042 0.2573913429435526
12.291911 -8.006408 5.298042 0.2452250776874094
12.284635 -8.015506 6.298042 0.231398699245199
12.268265 -8.009592 7.298042 0.2263031884135794
12.271448 -7.996401 8.298042 0.2195129214520916
12.164135 -8.035522 10.298042 0.136842999003837
