2.221362 -6.263307 0.44382 0.2768292253824868
2.201382 -6.291725 -0.755134 0.340889531873631
2.224591 -6.283877 -0.249682 0.3054042077001432
2.22008 -6.261313 1.160632 0.273277960652849
2.21302 -6.260226 2.160632 0.2721397557739
2.205417 -6.264029 3.160632 0.2627471246885386
2.201073 -6.265659 4.160632 0.261282428379367
2.189668 -6.267289 5.160632 0.2477938468302034
2.179893 -6.277611 6.160632 0.2490778542230858
2.175005 -6.28739 7.160632 0.241076706007584
2.171747 -6.291193 8.160632 0.233953441359903
2.169575 -6.284131 9.160632 0.209656763392177
2.162515 -6.299343 10.160632 0.2120329268065748
2.161972 -6.319987 11.160632 0.2043854296802364
2.129388 -6.29554 12.160632 0.194177202379964
2.135361 -6.312925 13.160632 0.1855764067684086
