5.300761 5.380794 0.0 0.2877017373633226
5.303023 5.358389 -1.593272 0.3204422993552192
5.302277 5.377611 -1.246145 0.2971761160340756
5.308028 5.375521 0.152828 0.2595957763386798
5.319111 5.373424 1.152828 0.2521914310638924
5.323903 5.370427 2.152828 0.2468221923842296
5.319111 5.368629 3.152828 0.2388026117093176
5.307728 5.35964 4.152828 0.2316572347505246
5.305033 5.348553 5.152828 0.219412396074736
5.303236 5.349452 6.152828 0.1962610055563846
5.31312 5.363236 7.152828 0.2114475197518224
5.347267 5.345257 8.152828 0.192037947812909
5.354455 5.330574 9.152828 0.1655988827833396
5.373326 5.319487 10.152828 0.1632247845527778
5.388302 5.311996 11.152828 0.1348421475431788
5.398786 5.289222 12.152828 0.1372766748179556
5.405675 5.29102 13.152828 0.100232443183569
