-5.942435 6.933224 0.0 0.3931054356077652
-5.960237 6.949883 -1.853062 0.4392638897374466
-5.953761 6.946827 -1.413776 0.3984433587127126
-5.956257 6.913373 -0.012691 0.3647203454591564
-5.947577 6.891816 0.987309 0.3601342951829452
-5.951468 6.834629 1.987309 0.3438264130832456
-5.963739 6.800497 2.987309 0.3420645678714306
-5.959226 6.745647 3.987176 0.3228872701463296
-5.974538 6.698599 4.987176 0.3156498123639556
-5.973444 6.657022 5.987176 0.284299706274077
-5.981647 6.601222 6.987176 0.2806999662497172
-5.984928 6.55308 7.987176 0.2831861249218952
-5.994498 6.500846 8.987176 0.252792915214735
-5.99106 6.466459 9.987176 0.2462372558321142
-6.000435 6.421131 10.987176 0.220866650882489
-6.005513 6.385884 11.987176 0.2128756954499998
-6.005132 6.331784 12.987176 0.201054072468971
-5.997945 6.287394 13.987176 0.1886404641983618
-5.958267 6.238048 14.987176 0.1493077168770896
