3.508334 2.448211 -0.038132 0.2391915066189932
3.503764 2.467244 -0.838059 0.2967093990691806
3.503408 2.447683 -0.65722 0.2629991670332836
3.510767 2.437715 0.744954 0.2397825513701262
3.515247 2.427713 1.670368 0.2270216964211968
3.521115 2.421942 2.670368 0.215067555355525
3.530127 2.416741 3.670368 0.2046279030334458
3.538446 2.410153 4.670368 0.1990339190540146
3.540179 2.408766 5.670368 0.2042100126036414
3.536626 2.401397 6.670368 0.2046322103526316
3.531167 2.394116 7.670368 0.1968158642121738
3.527527 2.390475 8.670368 0.1870160540807342
3.52874 2.396543 9.670368 0.183056951065957
3.535413 2.402004 10.670368 0.1620177823755528
3.542085 2.406859 11.670368 0.155485552838208
3.546938 2.406252 12.670368 0.1461005052846444
3.55361 2.412927 13.670368 0.1345640538185768
3.554824 2.411713 14.670368 0.151647720028033
3.568775 2.411713 15.670368 0.1381670446609534
3.58784 2.421769 16.670368 0.1157922453235656
