6.199812 2.60487 0.198325 0.2689221757245622
6.219529 2.624614 -0.725306 0.3085806628312868
6.217455 2.61737 -0.5316 0.2933840809170146
6.178531 2.604289 0.859832 0.252064707216324
6.147802 2.586723 1.859832 0.238222564320366
6.122195 2.569888 2.859832 0.23336275615592
6.101605 2.549708 3.859832 0.2267174923155618
6.083627 2.531305 4.859832 0.2230410443262798
6.058961 2.510393 5.859832 0.2260448462775642
6.041401 2.492827 6.859832 0.2304557525821216
6.029277 2.473169 7.859832 0.2385367171082366
6.030949 2.451421 8.859832 0.2205209565370604
6.05478 2.432181 9.859832 0.1964165842786312
6.08948 2.434691 10.859832 0.1688757396006742
6.118328 2.427999 11.859832 0.1587340291599056
6.16139 2.414197 12.859832 0.1317107323244968
