9.288465 -1.021449 0.312618 0.3440494290845788
9.265161 -1.010089 -0.545383 0.3862635842858438
9.283351 -1.00314 -0.397269 0.3600952112108812
9.291009 -1.04042 1.00888 0.3380552371865674
9.294356 -1.042094 2.00888 0.3261670797115462
9.301051 -1.037072 3.00888 0.3164273430949406
9.306071 -1.051024 4.00888 0.320068000571516
9.309976 -1.052698 5.00888 0.3165096661388038
9.314439 -1.044885 6.00888 0.3032945835384228
9.322807 -1.041536 7.00888 0.2671833062303578
9.308303 -1.053814 8.00888 0.2867752699507126
9.308303 -1.057163 9.00888 0.2778027383895708
9.306071 -1.051024 10.00888 0.2528966495258052
9.29077 -1.051821 11.00888 0.2211769100375702
9.30639 -1.049031 12.00888 0.2336649756693494
9.334283 -1.038427 13.00888 0.2252250907549504
9.325915 -1.038985 14.00888 0.2032181153848086
9.326553 -1.043051 15.00888 0.1870361289442046
9.327111 -1.0464 16.00888 0.1692796745831664
9.333566 -1.047356 17.00888 0.1585713636230726
