-12.933912 -7.622745 -0.144911 0.211779031377797
-12.986384 -7.593156 -1.003235 0.2673793237051042
-12.97908 -7.602533 -0.818977 0.2499925268157184
-12.904174 -7.651137 0.578241 0.2314267199773882
-12.856626 -7.679989 1.578241 0.2326929104857964
-12.815313 -7.699484 2.578241 0.2242493691027598
-12.772832 -7.724827 3.578241 0.2201256408553794
-12.741276 -7.765679 4.577369 0.2065618752907176
-12.728775 -7.820119 5.577369 0.2018654728587718
-12.723627 -7.870882 6.577369 0.1920001791743676
-12.723259 -7.917598 7.577369 0.1803531753101452
-12.72473 -7.964681 8.577369 0.1701450176407606
-12.722156 -8.012869 9.577369 0.1632574644697468
-12.704927 -8.047866 10.577369 0.147279768329458
-12.697205 -8.07041 11.577369 0.1384861180035954
-12.69169 -8.085491 12.577369 0.1312124598969344
-12.670363 -8.120068 13.577369 0.1179911668259142
-12.644625 -8.134414 14.577369 0.1105703646584804
