Stand	Plot	TreeID	x_DBH_local_TLS	y_DBH_local_TLS	dbh_TLS	h_TLS	cra_TLS	dbh_field	h_field
1	1_1	1308	3.094928	2.134909	20.334029	18.40845	6.647	24.5	22.9
1	1_1	1306	1.569526	2.050144	21.055471	19.98713	11.553	24.5	23.4
1	1_1	1301	2.695825	-4.202141	21.177881	19.34174	8.255	28.7	21
1	1_1	1302	1.343987	-4.038245	22.492667	20.61568	9.071	22.1	20.9
1	1_1	1309	4.549827	-1.240946	23.567448	21.83184	16.804	20.5	19.8
1	1_1	1303	-0.232357	-3.833561	24.232891	21.72357	14.316	21.7	19.9
1	1_1	1307	1.838617	4.309968	27.907658	19.87625	15.458	21.9	21.6
1	1_1	1304	-1.795003	-2.093856	30.431668	23.00774	15.677	31.1	23.4
1	1_1	1305	-3.064963	1.500428	31.564337	21.88221	26.135	31.5	22.5
1	1_2	1317	0.021939	4.741662	22.622455	21.08568	8.798	23.6	23.7
1	1_2	1316	-1.615202	3.025498	24.147813	22.23431	8.455	25.1	25.3
1	1_2	1314	-3.828883	-0.538112	26.885926	23.88677	20.499	27.7	24.1
1	1_2	1312	-1.452815	-6.158791	27.726034	24.08687	16.51	28.2	25.2
1	1_2	1311	3.061443	-5.111223	28.070819	24.787	19.366	29.1	25.9
1	1_2	1310	2.739033	-1.327014	29.856748	23.21011	23.134	31.3	24.6
1	1_2	1318	1.083446	3.195774	30.661352	23.59991	14.688	30.9	25.2
1	1_2	1313	-4.931106	-5.644476	32.953159	26.99235	19.045	35	27.9
1	1_2	1315	-3.424673	2.451479	33.644379	25.03827	13.09	24	27.3
1	1_3	1323	0.422674	5.949504	20.545072	19.32638	15.234	21.9	22.3
1	1_3	1319	1.753853	-0.82642	23.20557	24.75559	19.251	24.3	26
1	1_3	1321	-5.334504	-1.208806	26.187026	24.27324	19.867	27.7	24.5
1	1_3	1325	6.943988	2.406535	29.615823	26.29328	23.002	30.8	27.8
1	1_3	1320	0.95998	-4.153944	32.20022	25.67922	22.533	32.3	27.6
1	1_3	1322	-3.20554	-0.075844	33.010729	24.2801	20.245	30.7	24.1
1	1_3	1324	2.459976	3.189797	33.420118	26.27505	14.306	34.5	27.1
1	1_4	1331	-0.56958	1.583906	19.75869	18.86526	11.717	20.3	18.9
1	1_4	1330	-4.996769	3.047352	25.27694	21.7363	19.152	25.6	22.3
1	1_4	1326	2.862918	0.485118	26.05941	20.81812	27.684	26	23.3
1	1_4	1327	1.544659	-0.994648	28.24262	23.98482	9.89	29.4	24.6
1	1_4	1328	0.118284	-4.047387	30.88971	22.65079	19.86	30.9	24.7
1	1_4	1329	-2.15919	-0.815367	31.65757	23.33818	17.555	31.7	24.7
1	1_4	1332	3.632701	6.395095	32.16465	27.09497	18.887	32.9	27.3
1	1_4	1333	6.764811	6.523685	35.52229	23.97284	15.601	36.7	25
120	120_1	609	5.184896	7.85065	20.6831469	20.93379	12.193	20.5	20.7
120	120_1	603	-2.440296	-1.723379	23.61940725	22.01676	15.128	23.85	22.2
120	120_1	601	-0.308856	5.727332	23.68835698	22.04122	20.288	24.1	22.3
120	120_1	607	7.011528	-5.804947	23.92377902	22.28082	19.399	23.75	22.2
120	120_1	606	2.72829	-8.798417	26.33704622	23.18656	20.379	26.15	23.6
120	120_1	604	-1.424076	-5.937227	27.87035164	24.13928	18.142	28.6	24
120	120_1	602	-1.480678	0.821004	29.58673908	24.14116	14.438	29.85	25.6
120	120_1	605	-0.302501	-8.208056	33.07935891	25.94137	18.556	34.5	24.6
120	120_1	608	2.942588	-0.262934	33.93104947	24.06781	19.59	34.35	23.7
120	120_2	615	0.061743	-1.906176	21.503289	22.0588	17.465	22.4	21.7
120	120_2	616	-5.380353	-5.869773	26.369256	23.1088	18.878	26.5	23.5
120	120_2	612	-0.914145	4.127529	27.535615	26.16583	16.227	27.3	25.5
120	120_2	613	1.040641	3.389609	29.288301	25.27207	10.61	30.2	26
120	120_2	614	4.959739	2.500681	30.219289	23.92243	10.233	30.9	25.5
120	120_2	611	-4.147378	8.021637	31.178729	24.42043	13.912	30.5	22.9
120	120_2	610	-4.931211	5.873095	39.763846	25.31713	15.129	41.3	26.7
120	120_3	623	3.451477	3.157712	22.588664	24.23713	13.417	30.7	26.4
120	120_3	617	1.672008	-1.37546	30.04785	24.26358	15.599	28.5	26.2
120	120_3	625	5.726766	-1.004366	30.405486	26.01333	22.746	39.2	25.5
120	120_3	624	8.482014	6.242048	30.880593	26.19253	16.762	30.9	25.9
120	120_3	622	2.713456	6.609041	32.296916	28.40038	12.887	31.3	27.7
120	120_3	621	0.145585	3.522415	34.215623	27.62782	17.575	33.7	27.2
120	120_3	618	-1.898057	-0.903046	35.693412	27.56565	17.791	33.3	23.6
120	120_3	620	-4.527534	7.324309	39.817274	28.38022	24.092	35.1	28.8
120	120_3	619	-5.115028	-0.109744	41.352015	26.98021	12.364	38.3	28.4
120	120_4	632	-6.358764	-5.925929	19.092534	19.7641	12.829	19.9	19
120	120_4	629	4.15879	-5.17982	20.466816	22.2065	15.721	20.7	22.2
120	120_4	631	-2.107363	-7.73338	23.856049	22.39907	18.671	25.3	22.1
120	120_4	633	-6.686585	1.610382	24.018214	19.56632	20.94	24.7	21.7
120	120_4	634	-2.866536	1.101663	25.082178	21.7845	18.8	25.4	22.5
120	120_4	627	3.179267	1.762661	28.569973	23.52371	21.378	29.4	24.5
120	120_4	630	2.554717	-7.042003	28.77733	23.38971	18.071	29.8	23.4
120	120_4	626	0.901692	3.435291	29.699358	25.21329	20.416	32.6	25.4
120	120_4	628	4.647397	-1.43143	33.270808	23.37977	20.282	33.7	24.7
120	120_5	644	-3.916649	1.942471	21.9906	17.50938	15.702	26.6	20.3
120	120_5	641	-0.042747	-7.811023	22.4434	19.30017	21.044	23.4	19.3
120	120_5	640	3.815752	-2.109685	24.00047	19.09258	13.401	24.9	19.1
120	120_5	637	1.002811	9.163864	25.52195	20.33811	13.645	24.9	20.6
120	120_5	635	-2.713375	5.438849	28.16039	21.31314	18.551	29.8	22.2
120	120_5	638	1.547714	6.250729	29.33714	22.14685	20.252	31.4	21.9
120	120_5	639	4.245668	0.426376	29.46015	21.3149	20.488	30.9	21.3
120	120_5	636	-1.235599	9.950566	30.27132	20.51225	15.413	32.2	21.6
120	120_5	643	-7.593932	-0.313863	30.88995	21.86931	21.926	32.9	21.2
120	120_5	642	-7.615522	-5.849789	36.20445	22.46055	27.126	39.5	22.8
136	136_1	202	4.265356	-1.201373	23.988951	23.2005	9.96	24.2	24.3
136	136_1	204	0.934255	-3.251713	25.464727	21.66957	10.167	25.6	22.9
136	136_1	201	5.797786	3.769839	25.578666	23.4322	11.644	27.1	23.5
136	136_1	206	-1.534593	4.398385	26.04483	24.43995	14.732	27.8	24.9
136	136_1	205	-6.058127	3.417961	27.17058	22.73962	15.27	30.1	23
136	136_1	207	0.352265	10.854135	38.269062	24.48611	12.938	40.4	25.2
136	136_1	203	3.950355	-3.841885	39.552219	25.81861	11.56	41.1	26.7
136	136_2	213	-0.464784	2.601991	25.201543	23.51976	10.504	26.6	24.9
136	136_2	211	-4.693709	-0.266573	26.881325	24.07222	15.181	28.2	25.5
136	136_2	212	-2.339942	0.445654	27.617025	24.48901	16.338	29.2	24.2
136	136_2	210	-3.817541	-4.670516	28.189513	24.10927	11.269	30	24.5
136	136_2	209	-0.357367	-3.684403	29.906918	24.83805	12.977	31.3	25
136	136_2	208	6.351408	0.137424	37.590439	27.33337	24.002	38.6	27.7
136	136_3	221	1.81607	-2.189793	22.186447	22.76797	24.246	22.9	23.4
136	136_3	217	0.611211	5.64371	25.175776	23.59507	13.294	25.8	24.3
136	136_3	218	2.836486	4.545088	27.589636	24.97074	8.435	28.5	26.7
136	136_3	219	5.499067	-0.143271	28.376699	26.93452	19.72	28.8	28.7
136	136_3	220	3.974367	-3.854669	28.544322	23.40428	17.389	29.8	25
136	136_3	215	-3.913428	2.111527	29.475141	27.52261	19.555	30.7	28.3
136	136_3	214	-1.789144	-6.102589	31.535636	25.59291	22.062	33.6	25.8
136	136_3	216	-0.812277	2.390429	33.751209	22.47581	12.551	34.8	28.3
136	136_4	227	0.732452	-4.532384	23.229371	26.65364	21.622	24.2	27
136	136_4	226	-9.388751	1.672918	29.293229	24.28313	22.843	29.6	26.2
136	136_4	225	2.283628	-1.424901	31.43605	28.95813	14.725	33.5	29.5
136	136_4	224	8.135643	2.505754	35.551614	28.92985	17.091	38.7	30.4
136	136_4	228	-6.11855	-2.25684	37.088447	28.56741	35.223	40.2	29.6
136	136_4	223	5.2348	0.183871	37.114022	30.8195	15.885	36.7	30.7
136	136_4	222	2.333569	2.572039	40.422014	29.41782	18.411	41.1	29.9
136	136_4	229	-2.649527	3.579356	41.836938	30.59562	31.019	43.4	31.2
136	136_4	231	2.120147	7.556198	42.907564	27.72619	40.9	43.6	29.1
136	136_4	230	-3.310156	8.020655	50.094209	24.49427	0.239	48	30.5
140	140_1	404	2.25393	5.477803	19.850986	18.74416	7.155	19.7	19.3
140	140_1	403	0.069099	4.656659	20.244134	16.98373	10.465	21.2	16.5
140	140_1	402	-3.096074	1.277633	22.030354	19.28993	10.508	23	20.5
140	140_1	405	4.356762	4.832368	23.177548	19.37853	9.389	23.5	20.6
140	140_1	401	-3.63937	-0.501653	26.262732	21.89461	10.84	27.6	22.6
140	140_1	407	0.444579	-3.682932	26.616046	15.91192	0.224	27.8	22.2
140	140_1	406	3.003261	1.257523	27.737125	20.9511	10.787	28.4	21.5
140	140_2	413	1.004639	4.38777	19.840274	19.2155	11.77	32.1	22.8
140	140_2	409	-3.021739	-3.948631	21.890547	19.7399	12.554	27.3	23.5
140	140_2	415	2.745055	0.520477	23.963742	21.13554	17.183	37.1	23.9
140	140_2	411	-4.812617	-0.141423	24.532403	20.76083	9.802	31.7	23.5
140	140_2	408	1.33386	-2.533144	25.988509	22.24158	15.681	27.3	22.5
140	140_2	412	-1.75401	1.354911	29.689852	22.21041	14.913	25.8	24.5
140	140_2	410	-3.740653	-2.151471	30.650092	21.93662	11.254	22.6	21.1
140	140_2	414	5.604393	5.130117	34.871083	23.69632	10.246	20.3	20.1
141	141_1	304	2.272685	-1.445822	27.852596	23.11411	19.426	28.9	23.2
141	141_1	305	-0.691404	-3.541962	27.882979	22.57477	20.042	28.6	23.9
141	141_1	306	-7.631646	-0.833771	29.919044	22.98375	17.41	31.4	23.4
141	141_1	301	1.615775	3.532078	31.289451	22.01445	23.373	33.3	22.3
141	141_1	307	-3.454746	7.702506	33.548975	25.27014	21.195	37.8	25.5
141	141_1	308	1.543308	11.360552	34.581312	25.49417	11.864	36.4	25.3
141	141_1	302	6.985224	4.148153	35.927872	25.14675	22.731	36.9	25.4
141	141_1	303	7.611563	-2.269182	39.309448	23.59923	23.215	40.4	23.9
141	141_2	309	1.543445	2.355108	21.751849	21.79064	14.465	23.1	23.3
141	141_2	313	-2.9323	-2.531152	22.79107	21.16478	14.547	24.8	21.2
141	141_2	310	2.111515	-1.806798	24.815904	22.8637	14.608	27.2	23.5
141	141_2	315	-4.40456	3.944491	26.932264	21.35858	11.596	28.2	22.2
141	141_2	314	-5.313346	-1.111558	27.343704	22.53189	11.544	29.8	22.8
141	141_2	316	-0.786541	3.737543	28.048386	22.38977	15.765	29.8	23.7
141	141_2	312	-0.500556	-6.91527	28.750153	23.35893	18.489	30.6	23.6
141	141_2	311	3.167337	-6.550762	31.71691	25.06796	21.685	34.4	26.2
141	141_3	317	-1.53997	-4.869246	29.164612	22.85271	21.647	30.7	23.5
141	141_3	321	5.138464	-0.162506	31.242128	22.10159	15.828	33.4	22.6
141	141_3	318	-1.434183	0.690968	32.730716	24.57712	20.473	33.2	25
141	141_3	319	-2.69313	8.443081	33.93318	22.2714	16.682	34.2	22.7
141	141_3	320	1.238581	5.17662	36.879567	24.89522	21.732	42	25.1
141	141_3	322	6.416918	-3.295593	37.816997	24.25862	17.805	39.6	24.7
151	151_1	504	-3.230651	-3.277705	21.988931	21.97844	8.109	23.1	22.6
151	151_1	507	-9.872729	2.399557	22.025925	20.65789	15.421	23.7	21.8
151	151_1	506	-7.392212	1.268676	22.533591	20.11195	10.199	23	21.4
151	151_1	503	-0.448051	-4.075687	24.900187	23.10145	10.759	26	23.6
151	151_1	502	6.802506	1.436835	25.409083	21.63636	8.704	27.5	22
151	151_1	508	-5.521749	6.228825	26.022152	23.09361	12.902	28	23.8
151	151_1	505	-5.473266	-4.470946	26.625998	21.99097	9.858	27.6	22.7
151	151_1	501	1.858804	1.697456	35.584809	25.2753	19.923	39.1	25.1
151	151_2	514	-3.981933	0.14859	19.371099	20.18149	12.115	19.8	20.4
151	151_2	509	2.253152	-3.153971	22.568093	21.86177	10.765	23.3	22.5
151	151_2	513	-8.041192	-2.818327	22.728817	21.45803	9.636	23.9	21.9
151	151_2	510	1.377315	-5.853469	23.779107	21.46833	8.305	24.4	23.1
151	151_2	515	-0.128171	1.908753	25.21245	20.84486	11.168	25.4	21.2
151	151_2	512	-1.955431	-3.416521	25.620861	22.32434	8.558	26.5	23.1
151	151_2	516	9.361908	0.402281	25.819018	22.48661	10.083	27.8	23.1
151	151_2	511	-0.152092	-2.638244	29.706776	23.29838	8.573	31.2	23.6
151	151_3	518	1.626811	-1.886278	19.472308	20.18257	12.723	20	21.2
151	151_3	523	-5.814765	-1.618005	19.685778	19.61547	16.432	20.1	19.6
151	151_3	517	0.739508	1.928507	21.035495	19.57202	13.382	22.1	21.3
151	151_3	519	0.199807	-6.772876	22.737381	22.17062	11.744	24.4	23
151	151_3	525	-2.716512	1.253366	23.348863	20.41175	13.166	24.2	21.4
151	151_3	520	-1.526033	-6.507224	24.083369	22.30903	7.758	24.8	22.3
151	151_3	526	-1.684995	4.170148	25.180459	21.03476	11.998	26.3	23.7
151	151_3	524	-5.203586	0.155463	26.340659	21.23744	11.276	26.8	23.6
151	151_3	521	-1.930153	-2.818357	26.780475	21.82469	12.754	27.9	23.7
151	151_3	522	-1.543083	-1.081755	28.368633	19.04009	1.487	30.2	24.7
151	151_4	534	-1.921677	5.267161	20.726786	18.67128	10.991	21.7	19.5
151	151_4	531	-3.436771	-2.032729	20.759133	20.59713	6.768	21.7	20.8
151	151_4	527	0.796085	2.123487	21.49649	20.96742	8.073	22.8	21.3
151	151_4	532	-3.026211	-0.064306	23.771007	19.65052	7.678	25	20.7
151	151_4	528	2.452621	1.553054	23.975758	18.45053	8.869	25.8	18.9
151	151_4	530	-0.113508	-2.607138	25.085578	18.47797	12.841	26.4	20.4
151	151_4	533	-4.260878	1.822512	26.508962	22.6093	11.746	27.6	23.4
151	151_4	529	3.57508	-1.840298	30.188709	21.49717	14.938	31.9	22.3
158	158_1	808	2.090024	-6.840197	21.926037	21.86431	10.509	22.8	22.5
158	158_1	806	-3.688653	-0.966221	22.530772	21.8402	9.496	23.8	22.3
158	158_1	804	-2.023447	-6.614366	24.735555	21.82342	14.126	27.4	23
158	158_1	805	-0.989353	-1.846856	26.618253	26.1217	12.347	27.1	26.8
158	158_1	803	6.792402	2.404919	26.661912	22.75382	13.463	28.8	24.7
158	158_1	807	-5.333695	1.24283	26.941884	25.1663	10.366	27.8	26
158	158_1	801	0.573817	1.792774	28.442196	22.01151	9.199	30.4	26.7
158	158_1	802	3.150176	2.916312	31.912389	25.03321	13.144	34.2	26.5
158	158_2	811	-0.858076	-0.282253	21.718698	19.10772	9.244	22.8	22.1
158	158_2	813	-1.115293	3.11301	27.131993	20.86121	10.703	29.2	22.5
158	158_2	814	2.961433	0.865683	28.518317	19.82571	11.298	29	21.5
158	158_2	809	1.498612	-7.123076	32.018819	18.95273	11.252	34.3	22.6
158	158_2	812	-2.683065	4.000603	33.646785	19.33767	7.896	35.9	25.4
158	158_2	810	1.243148	-1.882408	36.138551	20.54103	9.51	37	23.4
158	158_3	819	1.040097	-2.133951	20.516964	15.00979	6.054	22.4	18.9
158	158_3	815	-0.964177	3.343651	20.68336	17.94182	7.381	21.7	18.6
158	158_3	818	4.073441	-4.930067	23.320482	20.55792	8.475	23.4	21.1
158	158_3	817	3.248011	0.527806	30.4289	18.72418	11.424	32.6	21.3
158	158_3	821	-4.465837	-5.992937	30.685953	23.03578	8.853	32.2	23.8
158	158_3	816	5.539148	2.865155	31.654239	21.49333	10.996	33.5	21.5
158	158_3	822	-6.091451	-5.28377	34.725244	21.26125	5.584	35.5	25.4
158	158_3	820	-3.397989	-3.775502	34.973587	22.04531	11.321	37.1	24
158	158_4	825	-1.219977	6.982205	21.141314	21.55255	14.223	22.1	21.8
158	158_4	826	1.962354	4.829279	22.94866	20.47011	14.116	23.9	21.2
158	158_4	827	2.828149	1.679202	24.141014	21.54085	11.386	25	22.3
158	158_4	831	-0.935666	-1.664549	24.144621	21.24525	15.115	24.8	21.6
158	158_4	823	-3.174544	1.844444	24.825312	20.02546	14.705	25.6	20.5
158	158_4	824	-2.139811	5.552955	25.117412	22.94989	7.98	25.9	23.3
158	158_4	832	-6.209341	-0.340013	25.297071	21.05927	19.581	26.7	21.7
158	158_4	829	4.713123	-7.448676	25.544228	21.74348	19.758	26.8	21.4
158	158_4	830	0.775961	-5.544748	26.155692	22.4364	15.097	27.9	22.4
158	158_4	828	3.985084	-1.054135	31.958257	23.94088	20.444	34.3	24.1
158	158_5	839	3.663302	1.257656	25.20417	20.58326	18.64	26.1	20.8
158	158_5	838	4.238264	6.178773	28.58796	21.63189	17.361	31.1	22.2
158	158_5	833	-3.331132	-4.230587	29.21303	23.83106	25.622	36.3	24.8
158	158_5	835	-9.239751	1.00438	30.11799	23.33064	26.098	33.5	24.7
158	158_5	837	-3.151933	7.651781	31.09087	25.89951	31.225	32.4	26.8
158	158_5	834	-7.205505	-1.821435	35.94272	26.34676	22.641	37.7	27.3
158	158_5	836	-4.745873	5.43604	42.74741	27.50106	28.19	44.9	28.1
17	17_1	1003	-5.421849	2.933117	31.123652	29.52345	37.928	32.7	31.2
17	17_1	1009	3.281957	-4.765173	38.332195	28.29747	42.224	39.7	29.6
17	17_1	1004	-1.264276	7.973103	39.641613	29.04934	45.377	40.8	31.5
17	17_1	1006	7.665334	7.111131	41.39458	28.69285	24.72	42.9	28.5
17	17_1	1005	2.675997	5.164303	42.897227	30.43842	41.093	46	32.4
17	17_1	1007	7.797651	2.421763	44.208642	30.9849	38.614	46.5	32.4
17	17_1	1001	-3.030122	-2.736249	44.638081	28.47011	33.841	56.9	32.3
17	17_1	1008	6.921553	-2.003134	49.30454	29.47071	41.31	51.5	30.6
17	17_1	1002	-6.341471	-2.116289	51.784273	31.29034	26.518	55.1	33.7
17	17_2	1014	7.952017	-2.925208	26.77567	21.14586	3.142	27.5	29.3
17	17_2	1015	1.408886	-3.483178	27.74936	15.98242	8.216	28.3	28.5
17	17_2	1016	-5.177602	-4.393976	28.92009	27.18746	29.841	29.8	29.2
17	17_2	1011	0.879234	3.217527	33.16301	14.72757	1.031	34.7	30.9
17	17_2	1012	6.186026	2.621566	34.18218	26.81425	65.824	34.6	29.5
17	17_2	1017	-4.9762	-1.25044	47.28	21.71336	9.018	51.1	31.4
17	17_2	1010	-1.54409	4.627738	52.93079	28.21047	54.209	55.2	33
17	17_2	1013	7.954944	0.479959	54.30337	20.4254	3.449	58.5	32.8
17	17_3	1026	4.616146	-3.19723	19.240062	22.38413	9.097	20	19.5
17	17_3	1019	-1.904375	-3.617769	20.62252	18.37974	9.342	21.8	18.6
17	17_3	1020	-4.365741	-4.695395	21.816432	22.59371	6.851	21.8	22.4
17	17_3	1025	2.949531	0.149295	22.649918	24.5345	17.621	23.2	25.4
17	17_3	1024	5.713135	1.792291	24.118873	21.73672	13.995	26	23.2
17	17_3	1021	-3.261926	-2.669066	24.144788	23.11815	9.724	24.7	24.1
17	17_3	1023	2.588031	5.542917	31.092002	25.32599	19.533	32.1	25.7
17	17_3	1022	-2.340104	0.275019	32.385253	24.9424	16.056	33.1	26
17	17_3	1018	1.395631	-2.506687	33.638411	26.27651	15.39	35.9	27.4
17	17_4	1027	-3.238605	2.53081	20.371545	21.8586	4.525	21.1	19.8
17	17_4	1033	-2.079198	-1.766749	20.445629	19.3473	14.315	21	19.6
17	17_4	1035	-5.733765	-3.388635	23.649791	21.33389	13.224	25.5	15.3
17	17_4	1031	4.937197	-4.637607	24.370179	24.8201	18.12	25.9	25.3
17	17_4	1029	-0.327801	1.703084	24.45709	23.57063	12.403	25.3	23.8
17	17_4	1028	-1.82791	3.126294	27.279365	24.09571	8.622	28.1	25.2
17	17_4	1034	-4.446715	-3.497118	30.052724	23.96565	15.104	31.3	24.6
17	17_4	1032	1.047375	-3.755073	30.309534	24.6164	15.895	31.4	27
17	17_4	1030	1.474332	0.809882	31.80036	26.07955	7.952	32.5	28
17	17_4	1036	-6.033385	4.269762	32.448706	27.45086	13.048	33.2	27.8
17	17_5	1043	0.615047	3.408141	21.313972	24.16377	13.963	22.6	24.4
17	17_5	1039	-4.123742	-1.601539	22.138431	26.43232	11.78	22.9	22.6
17	17_5	1038	-2.021786	-2.309955	23.109503	27.49245	17.101	24.3	27.7
17	17_5	1041	-6.381868	3.807217	24.521244	26.90223	13.815	25.6	27.5
17	17_5	1044	3.382179	1.013115	28.628194	29.48712	13.811	28.9	30.1
17	17_5	1045	5.239429	0.497823	28.873445	30.22708	22.311	29.6	29.8
17	17_5	1037	-2.796949	-5.156411	31.380359	28.43042	19.055	32.6	29.4
17	17_5	1042	-4.040369	6.379329	33.364405	28.91586	25.162	33.7	30.6
17	17_5	1040	-5.488138	0.406825	38.708979	30.16545	17.7	41.6	30.7
17	17_5	1046	3.461086	-4.032345	42.470274	29.44603	33.321	27.7	30.5
2	2_1	107	-1.460158	1.329228	22.030754	19.34532	14.907	22.6	19.5
2	2_1	103	1.41364	-0.130624	22.330626	19.17668	12.467	23.8	20.8
2	2_1	106	-2.431648	-2.962441	22.820116	18.58436	16.935	24	19
2	2_1	108	1.032228	7.333638	27.464842	19.28098	19.912	29.3	20.5
2	2_1	102	1.852445	3.590195	27.632928	18.76539	16.951	28.2	20
2	2_1	104	1.176408	-3.886803	28.878517	21.15353	13.328	30.3	21.6
2	2_1	105	-0.852918	-6.42301	29.095896	20.27165	18.15	30.4	22.4
2	2_1	101	-0.640221	5.222494	29.325961	19.7668	14.545	31.2	21.1
2	2_1	109	-5.348783	0.645709	32.895684	21.02888	24.527	33.9	21.6
2	2_2	111	6.174223	-1.798587	27.344088	25.70287	13.811	29.4	25.8
2	2_2	114	-2.857932	-7.903122	28.26157	24.36723	21.978	30.1	25.6
2	2_2	113	3.677474	-6.817523	29.888943	24.50282	20.118	30.6	24.4
2	2_2	115	-4.42912	-3.911502	30.3331	24.81623	21.729	31.6	25.2
2	2_2	112	3.375814	-4.225251	30.624205	24.52366	19.375	31.1	25.7
2	2_2	110	2.946273	1.741899	34.52467	24.99086	25.494	36	25
2	2_2	117	9.758231	-1.519314	35.056665	24.33699	19.499	36	26.6
2	2_2	116	-3.617947	2.930151	36.328052	25.79243	25.446	38	26.6
2	2_3	124	2.803946	3.761773	21.654994	21.67272	16.552	22.1	21.9
2	2_3	123	-1.636932	4.244094	23.393417	22.86489	11.361	24.9	22.3
2	2_3	125	6.004542	3.783002	23.642931	19.20174	9.22	25.7	20.8
2	2_3	121	-0.314765	1.529207	23.982846	21.22674	13.557	25.9	23.8
2	2_3	120	-1.168141	-1.920784	25.376687	23.32802	18.671	26.7	24.1
2	2_3	118	2.881052	-6.46202	25.387846	22.34905	20.829	26.9	23.1
2	2_3	126	4.056274	0.953638	27.666479	23.58481	19.41	28.1	23.4
2	2_3	119	0.366691	-6.100329	28.651213	24.42406	15.179	29.9	24.5
2	2_3	122	-4.499415	0.406335	31.752449	22.77174	18.473	33.4	23.3
2	2_4	128	6.575931	-1.886022	23.331314	23.18455	20.41	24.1	23.9
2	2_4	130	-1.160416	-3.950836	25.962549	22.62646	22.344	27.6	23.3
2	2_4	133	-0.496644	6.006069	25.995699	23.37114	28.161	27.4	23.9
2	2_4	127	2.439497	2.263235	33.044467	26.05344	20.727	34.5	27.1
2	2_4	134	3.382424	6.783942	33.719531	26.11659	32.885	35.7	26.5
2	2_4	131	-5.193493	-1.56797	34.222753	26.79311	23.152	35.5	27.1
2	2_4	132	-1.95774	1.84884	35.181936	26.8484	26.149	37.3	28.5
2	2_4	129	3.450258	-3.239034	42.161354	26.39019	19.789	36.9	27.7
2	2_5	141	2.444572	-4.737385	22.443109	22.29296	21.144	23.2	23.1
2	2_5	137	-5.341442	4.42382	23.769522	23.77992	20.157	25.1	24.1
2	2_5	139	2.109791	0.714495	25.662181	21.74985	25.688	26.1	21.6
2	2_5	136	-4.583803	2.247077	27.624153	24.64931	14.249	29.1	24.5
2	2_5	138	-1.626887	3.254145	29.7564	24.4385	24.589	31.1	25.1
2	2_5	135	-2.559905	-0.9829	31.57816	23.01261	19.679	31	23.4
2	2_5	140	5.911576	-1.784708	32.866935	21.00917	31.611	35	24.2
2	2_5	142	-1.49493	-4.008542	37.500057	22.26894	19.339	37	25.4
20	20_1	1406	2.787148	2.243127	23.711308	23.44587	15.71	25.9	23.9
20	20_1	1408	4.031309	-1.55141	27.600762	22.85726	10.784	28.9	25.2
20	20_1	1402	-4.624843	0.535905	27.686443	27.00463	15.045	30.1	27.9
20	20_1	1403	-5.777097	3.298254	29.030185	26.73115	14.63	30	26.5
20	20_1	1404	-2.615887	8.551487	31.858522	27.63558	18.797	33.6	28.6
20	20_1	1405	0.609349	6.818106	33.076949	27.26609	15.234	35.4	28.9
20	20_1	1401	-1.634533	0.4323	37.499743	27.87788	21.155	39	30
20	20_1	1409	5.357897	-4.156453	39.184896	28.07755	17.501	41	29.4
20	20_1	1407	5.553522	1.772304	40.576544	27.58006	20.466	45.2	31
20	20_2	1415	-0.224301	-1.496651	19.936243	24.96863	4.984	21.2	22
20	20_2	1417	-4.361082	0.194639	20.060931	21.85393	4.729	20.7	22.5
20	20_2	1411	3.791162	-1.742756	25.584925	22.99968	4.756	27.7	24.1
20	20_2	1413	0.016144	-5.191827	26.398948	24.91925	5.607	26.7	24.8
20	20_2	1418	1.774073	3.128656	27.145144	23.96903	6.041	28.3	25.3
20	20_2	1416	-1.036794	-0.333905	27.218454	24.90263	4.665	28.1	26.7
20	20_2	1414	-3.153216	-3.069759	27.321125	24.72688	3.722	28.5	25.7
20	20_2	1410	5.159829	3.17306	36.07192	25.43237	6.205	38.4	27
20	20_2	1412	1.99863	-6.038405	36.515702	27.00738	4.621	38.6	28.1
20	20_3	1419	-4.246464	2.548362	21.55213	23.28893	13.411	22.5	19.4
20	20_3	1425	6.697361	-0.058427	22.72582	24.011	12.418	23.4	18.5
20	20_3	1424	8.202454	0.722999	24.47825	23.47867	10.433	25.3	24.6
20	20_3	1427	-0.564538	-3.65576	27.97708	24.92106	18.69	29	25.4
20	20_3	1420	-2.941277	4.618523	30.12254	20.41969	0.465	30.2	25.7
20	20_3	1423	7.105959	2.20195	31.05113	23.76304	9.05	34	27.1
20	20_3	1422	4.422726	2.977299	31.78837	26.84327	27.766	32.3	25.2
20	20_3	1428	-4.307768	-2.364624	32.92217	24.43256	25.216	33.9	25.8
20	20_3	1421	-1.07052	3.602365	34.33584	27.8048	28.429	37	29.3
20	20_3	1426	1.612586	-1.105026	35.27262	27.8949	25.085	36.5	27.6
20	20_4	1430	1.359891	4.869275	21.613857	23.05946	10.973	22.6	23
20	20_4	1432	1.863509	2.47351	24.768981	23.36169	13.135	26.3	24.5
20	20_4	1433	2.907585	-0.689358	25.287132	23.64339	16.537	26.7	24.9
20	20_4	1437	-6.526897	4.026057	25.782194	24.25945	16.373	26.9	24.6
20	20_4	1431	3.00209	5.970997	27.233265	25.20223	15.057	29	25.7
20	20_4	1435	-3.161541	-2.312982	28.967402	26.22168	10.575	29.8	26.7
20	20_4	1429	-1.483536	3.075463	29.773631	21.72131	6.654	31.6	21.2
20	20_4	1436	-2.205821	-0.163144	31.272079	27.13009	21.817	32.7	26.2
20	20_4	1434	-0.493497	-2.938592	36.573396	27.17716	20.797	29.2	29.6
20	20_5	1439	2.577601	-7.87009	22.47524035	22.42787	11.393	24.5	23.1
20	20_5	1445	7.365091	3.786878	23.53764664	21.69142	19.068	24.2	21.5
20	20_5	1442	-3.194435	1.915068	24.08489218	22.50132	16.914	24.95	22.5
20	20_5	1438	4.727368	-4.020348	25.35728839	23.52289	18.369	26.05	23.7
20	20_5	1444	5.420811	6.420857	25.5606209	20.98552	16.364	26.25	21.4
20	20_5	1440	0.393129	-7.981191	26.3261095	25.05423	24.778	28.05	24.9
20	20_5	1443	-0.71097	5.867294	29.01905224	23.92951	18.502	30.55	24.5
20	20_5	1446	4.913389	0.766227	30.19131667	23.72992	15.13	31.4	24.9
20	20_5	1441	-0.497553	-3.015025	30.46006847	25.71409	20.755	32.15	26.7
3	3_1	707	-5.484837	-3.083263	24.69645	23.97192	15.782	25.9	24.9
3	3_1	706	-1.414305	-3.517821	25.38951	22.20631	13.831	26.3	23.1
3	3_1	703	1.582504	-3.90133	26.20433	24.66203	15.175	27.9	25.3
3	3_1	704	1.937175	-7.949006	26.43201	24.22216	20.482	28.3	24.5
3	3_1	708	-2.938373	-0.228437	29.67873	26.61923	15.709	30.6	25.4
3	3_1	701	4.224539	-0.05909	31.20212	25.45156	23.298	33	26.5
3	3_1	702	8.894749	-4.626021	31.69586	25.01271	26.943	33	25.7
3	3_1	705	-0.839623	-9.254292	32.11839	25.9552	21.073	33	26.2
3	3_2	715	4.714191	-4.357734	21.225862	19.57255	15.616	21.7	20.7
3	3_2	713	6.049249	1.674785	23.173867	21.6874	10.87	24.3	22.5
3	3_2	714	2.097469	-1.191029	23.541834	22.09039	16.388	25.9	22.6
3	3_2	712	2.692413	1.644278	24.587063	22.332	15.151	23.9	22.2
3	3_2	716	1.945859	-6.371468	24.688884	19.25768	23.754	25.3	19.6
3	3_2	711	5.001103	5.965431	25.871801	25.50442	16.573	26.4	25.7
3	3_2	709	-2.627086	1.157548	27.037374	23.22803	17.749	28.3	24.3
3	3_2	717	-0.571992	-7.363094	27.888036	20.81992	13.838	29.3	21.5
3	3_2	710	0.59672	5.849616	40.230664	28.40226	21.331	42.8	27.4
3	3_3	720	-3.751467	-2.696951	25.930413	21.79004	25.152	27.3	22.6
3	3_3	726	5.336252	-5.351897	28.01444	22.65942	17.712	28.8	23.4
3	3_3	719	-7.256945	-4.114371	31.140804	23.00655	32.325	34.2	24.5
3	3_3	721	-5.02917	2.226929	32.996577	25.1077	21.735	33	25.2
3	3_3	718	-4.791614	-8.799233	33.135947	23.92997	23.376	34.9	24.5
3	3_3	723	3.741827	9.431618	34.231457	23.35522	28.811	36.4	23.8
3	3_3	724	3.667073	2.987292	34.459856	24.3421	21.843	35.1	24.6
3	3_3	722	-2.128397	4.316352	36.245779	25.43204	27.235	36.8	26.1
3	3_3	725	6.855912	0.744975	38.607614	26.1792	25.393	41.8	26.4
3	3_4	727	1.647198	4.479943	25.842695	24.08778	15.356	28	24.3
3	3_4	729	6.399504	1.293142	28.015392	24.23159	13.46	29.3	24.9
3	3_4	733	-3.509957	3.042683	29.731759	25.74431	21.294	30.9	26.6
3	3_4	730	2.318647	-5.016805	32.101488	24.9597	25.476	34.7	26.3
3	3_4	732	-3.933338	-0.311598	32.403945	24.672	18.034	34.9	25.6
3	3_4	728	3.939888	2.06196	32.609205	27.14068	16.636	34.3	28.2
3	3_4	731	-2.641534	-5.399351	35.125131	26.85051	22.73	37.4	27.2
315	315_1	905	8.447456	2.57776	22.39576	23.03456	20.501	24.1	23.5
315	315_1	901	0.976366	3.881618	24.96982	24.88188	21.28	26	26.1
315	315_1	902	3.311222	2.945039	24.97926	23.43626	11.342	26.4	25
315	315_1	903	6.189216	3.621941	28.25624	22.76507	7.789	29.8	24.6
315	315_1	907	2.132142	-1.233748	28.87708	22.36083	17.837	29.9	23.2
315	315_1	906	5.234714	0.148285	31.33568	23.56123	16.161	33.4	25.8
315	315_1	904	7.987664	5.401093	36.70948	21.92026	6.838	37.5	26.6
315	315_2	915	2.562761	-2.082326	19.47061	20.51859	13.928	21.5	21.1
315	315_2	910	-3.505248	1.531738	21.29262	21.66971	15.534	22.3	21.9
315	315_2	913	6.549999	2.290586	21.83674	20.60235	19.373	23.1	21.2
315	315_2	914	5.1548	-0.457009	26.52884	24.26467	13.083	28.9	24.3
315	315_2	912	3.23177	3.539135	27.85695	24.0692	14.997	29.7	25.2
315	315_2	909	-5.474237	-3.085281	28.66215	23.20147	12.996	32.2	25.2
315	315_2	908	-3.450385	-2.514184	28.9636	23.93819	12.38	31.3	25.8
315	315_2	911	-0.872482	2.410498	29.39486	23.73141	17.386	31	25
315	315_3	923	-2.774888	3.812567	25.39494	21.91434	12.995	27.3	21.4
315	315_3	922	-2.192571	1.56327	25.44034	23.34342	11.145	26.8	24.4
315	315_3	916	0.029839	2.152102	25.95871	23.49063	12.178	27.7	25.5
315	315_3	919	0.984741	-1.253183	26.41144	23.83156	13.47	27.3	24.7
315	315_3	920	-1.760428	-1.625841	28.56497	24.55917	13.929	30.5	25.7
315	315_3	921	-3.382768	-0.361077	34.08028	24.91692	11.846	35.4	25
315	315_3	917	4.905604	4.095595	34.92267	25.34539	16.384	36.5	27.1
315	315_3	918	3.503195	0.997663	40.01648	26.76028	18.448	41.4	28
315	315_4	927	1.478467	3.245075	22.47818163	23.43743	18.167	22	24.5
315	315_4	926	-0.717604	1.989818	27.08687926	25.92284	13.6	27.9	26
315	315_4	925	-5.504663	0.966277	28.25481754	22.52487	11.491	29.05	24.1
315	315_4	928	6.532921	4.392045	32.79458294	24.15184	18.797	33.55	25.4
315	315_4	930	0.173381	-3.405861	32.97235976	27.52965	26.966	33.55	28.3
315	315_4	924	-2.555497	-0.827813	34.08807025	24.94878	15.406	26.95	25.7
315	315_4	929	2.105268	0.469377	34.97657408	25.62742	16.949	35.4	27.1
5	5_1	1205	1.681994	-3.181517	28.515018	24.11458	26.698	29.1	24
5	5_1	1203	1.404813	2.969202	30.01495	28.07046	16.104	30.8	27.5
5	5_1	1209	-4.704262	2.036241	30.72142	24.15064	35.058	31.1	24.5
5	5_1	1207	0.261801	-7.242593	31.993324	24.37009	26.994	31	24.8
5	5_1	1208	-4.591248	-0.532924	32.029308	26.14185	21.716	34.5	27.1
5	5_1	1206	-2.520089	-5.243019	32.753905	25.87158	21.015	32.7	25.9
5	5_1	1204	5.143253	1.96393	33.805763	26.89991	16.549	36.2	26.6
5	5_1	1202	0.352774	4.775624	39.345764	27.36346	27.154	40.7	28.3
5	5_1	1201	-2.456894	9.755503	45.142264	27.5001	41.58	46.3	28.2
5	5_2	1212	2.320501	-5.040106	19.197301	20.40766	14.019	19.8	21.2
5	5_2	1213	-0.309316	-3.748356	20.614748	21.25444	13.216	21.4	21.5
5	5_2	1210	5.200001	-2.324438	24.147754	23.32208	10.128	25	23.9
5	5_2	1217	1.743875	6.535879	24.286631	23.30629	13.371	25.7	24.4
5	5_2	1211	5.812653	-5.030712	26.59999	25.68433	18.251	28.2	26.7
5	5_2	1216	-3.646271	2.573794	26.86503	24.62302	13.422	28.7	25.5
5	5_2	1214	-3.935815	-2.607074	27.506127	25.10863	13.202	28.8	25.6
5	5_2	1218	1.929017	4.334115	29.308756	21.63194	13.377	30.6	23.8
5	5_2	1215	-3.776634	1.244026	38.039785	24.59716	13.914	39	27.3
5	5_3	1226	2.448522	4.765204	21.7297	22.5569	14.167	22.8	22
5	5_3	1221	-6.231064	-2.800068	25.68085	21.94834	15.063	26.5	23
5	5_3	1220	0.533412	-2.974109	25.922115	23.56408	19.762	27.2	25.6
5	5_3	1224	-1.699313	3.31386	25.956145	20.48628	6.964	27.5	22.9
5	5_3	1225	-0.010408	4.520095	26.776519	21.50731	14.07	27.6	25.5
5	5_3	1223	-4.249611	2.424264	27.295557	24.24825	17.684	29.5	25.4
5	5_3	1219	2.664457	-4.108752	28.180777	24.67047	14.734	29.5	25.1
5	5_3	1222	-3.325774	0.148502	28.930041	23.29572	17.83	30.8	24.5
5	5_4	1229	5.980265	5.991131	24.692013	22.30626	29.879	26	23.6
5	5_4	1231	2.353643	-1.365063	25.343985	20.96945	24.171	26.4	21.7
5	5_4	1233	-8.162219	1.267992	26.515705	22.92862	25.411	27.2	22.2
5	5_4	1232	-2.136938	-2.492776	26.598911	21.77597	14.494	28.1	21.7
5	5_4	1227	-1.882348	3.133667	30.037663	23.25797	26.439	31.6	23.5
5	5_4	1236	-8.226856	3.869726	30.909844	19.52823	0.472	32.4	24.8
5	5_4	1234	-5.647228	3.523083	31.410283	18.82074	0.227	33.1	26.3
5	5_4	1228	2.011207	9.223267	33.117496	24.56748	30.83	34.5	25.3
5	5_4	1230	5.638445	1.432424	43.817925	24.44327	22.61	45.3	26.2
5	5_5	1239	-4.954697	-0.07526	23.056321	22.12683	9.518	24.1	23.2
5	5_5	1243	4.909006	-1.689194	23.576813	22.41728	16.523	24.7	22.7
5	5_5	1238	-2.364821	-0.915588	24.104678	22.61201	17.156	24.6	23
5	5_5	1242	2.92746	-0.157995	24.374633	22.47382	14.585	25.8	23.3
5	5_5	1244	5.297174	-5.758274	24.983272	21.88032	15.818	25.8	23.1
5	5_5	1241	3.040004	2.162468	25.685061	22.57156	19.91	27.6	24.2
5	5_5	1240	-4.65546	4.880683	30.338153	22.68071	26.109	31.7	23.5
5	5_5	1237	-3.78627	-5.510489	31.547575	23.37153	16.546	37.2	24.4
86	86_1	1109	-0.429628	-2.483265	18.523363	20.68213	5.913	19.2	20.2
86	86_1	1106	0.437069	0.746211	20.387069	21.13914	8.121	20.5	22.9
86	86_1	1107	3.171406	-0.249303	21.787349	21.55439	9.696	22.9	22.7
86	86_1	1105	-0.386525	2.25596	21.888373	22.39183	7.972	22.6	23.4
86	86_1	1101	-2.618049	-2.293603	24.278914	23.06833	7.656	24.8	24.3
86	86_1	1103	-3.345045	1.627078	27.724276	24.05723	6.996	29.4	24.4
86	86_1	1102	-8.381612	-2.89694	27.789471	26.31667	11.635	29.7	27
86	86_1	1108	1.666932	-3.885184	31.275417	22.224	11.249	33	24.9
86	86_1	1104	-4.023138	4.02793	33.721881	25.79641	11.57	34.1	28.2
86	86_2	1115	-0.064396	-3.611916	18.674482	19.11464	9.439	20	19.5
86	86_2	1114	5.102635	-3.190005	21.320271	20.50312	7.458	22	17.1
86	86_2	1117	6.956854	-3.458972	24.634263	23.52064	5.163	26.2	23.8
86	86_2	1112	4.341349	2.755376	24.742605	20.35003	8.377	25.7	21
86	86_2	1118	-2.41954	-4.6058	25.12056	21.04261	8.412	27.2	22.1
86	86_2	1116	-2.60163	-1.340636	27.12651	21.82089	9.685	28.1	22.1
86	86_2	1110	1.243967	5.83743	27.142403	18.89859	5.114	27.5	19.9
86	86_2	1111	3.865013	6.372456	34.964151	25.08877	9.451	37.7	25.4
86	86_2	1113	5.267843	-0.895632	36.882703	23.2321	9.534	38.9	24.2