2.673523 5.183454 -0.935662 0.669811625928042
2.678711 5.192371 -0.45989 0.5255628129738344
2.653222 5.185523 0.934783 0.430292495940917
2.651028 5.166318 1.934783 0.4286927792427614
2.631831 5.170159 2.934783 0.4102800042756922
2.645543 5.159185 3.934783 0.4075263233798422
2.627991 5.143821 4.934783 0.4001733737761784
2.625249 5.131749 5.934783 0.3957304364809874
2.614827 5.110898 6.934783 0.3921410638483826
2.621409 5.096631 7.934783 0.3804184463773892
2.631831 5.102667 8.934783 0.3675644104251114
2.631831 5.102118 9.934783 0.3620331034546192
2.638413 5.087852 10.934783 0.3466730317308748
2.62854 5.085108 11.934783 0.3363368601608364
2.61757 5.088949 12.934783 0.3270102638369498
2.619764 5.078524 13.934783 0.3173084930952772
2.594533 5.067549 14.934783 0.3113389954441476
2.598921 5.057672 15.934783 0.297098934414655
2.600566 5.060416 16.934783 0.2963998416933526
2.607697 5.085108 17.934783 0.2669086844133954
2.643349 5.079621 18.934783 0.2514990120032642
2.643898 5.066452 19.934783 0.2286311025628048
2.656513 5.056026 20.934783 0.216897514966712
2.681196 5.065354 21.934783 0.1807265144470086
