1.414894 -3.560978 -0.950324 0.4018204790179446
1.405611 -3.51571 -0.536168 0.2999198063443216
1.399455 -3.467544 0.869636 0.259820937925257
1.404298 -3.448604 1.869636 0.249534961508862
1.415086 -3.434288 2.869636 0.2424679999768514
1.416407 -3.420413 3.869636 0.2363496261520026
1.414205 -3.413145 4.869636 0.2300146151767438
1.415746 -3.404776 5.869636 0.2251846823298006
1.423231 -3.405657 6.869636 0.2188504868172896
1.426754 -3.403674 7.869636 0.2132918611099596
1.431817 -3.407859 8.869636 0.2098276106195296
1.441284 -3.412264 9.869636 0.2039289579273058
1.447669 -3.412484 10.869636 0.2000989686244568
1.450971 -3.418651 11.869636 0.1920541900372552
1.462419 -3.428562 12.869636 0.1869910388054312
1.473206 -3.429443 13.869636 0.1766927642221272
1.475628 -3.437592 14.869636 0.1705067688515554
1.467923 -3.448824 15.869636 0.1650737826754716
1.482893 -3.448604 16.869636 0.151115303281023
