1.381701 -2.470881 -0.604996 0.4194270371100198
1.400931 -2.484453 -0.124066 0.366649404882275
1.393069 -2.492061 1.276688 0.3343737455415116
1.374139 -2.4904 2.276688 0.3247435921148506
1.381778 -2.47545 3.276688 0.311061869536935
1.378457 -2.475782 4.276688 0.305112725707991
1.368494 -2.481762 5.276688 0.2998111232205462
1.36318 -2.48143 6.276688 0.2902001733484644
1.362848 -2.470466 7.276688 0.2872450098896218
1.354545 -2.471131 8.276688 0.2798771787552758
1.338272 -2.474121 9.276688 0.2685699358228078
1.342258 -2.466479 10.276688 0.2517861829979532
1.339269 -2.466479 11.276688 0.2432510801847196
1.332295 -2.442226 12.276688 0.2344090000410868
1.334951 -2.429934 13.276688 0.2174571389709608
1.337608 -2.428273 14.276688 0.2096487002433768
1.338272 -2.429602 15.276688 0.198632557415699
1.32997 -2.410664 16.276688 0.1911331658317924
1.325653 -2.389734 17.276688 0.1815068856439504
