1.855034 3.726382 -0.455822 0.329119109798707
1.878058 3.731943 0.041431 0.2911681376344498
1.887522 3.75893 1.439755 0.2728649604370564
1.882471 3.767352 2.439755 0.2646424657735816
1.874726 3.761625 3.439755 0.2596501896996742
1.862603 3.755224 4.439755 0.249744712135251
1.838358 3.761625 5.439755 0.2474272227740386
1.82893 3.755224 6.439755 0.2358092250690612
1.818828 3.747813 7.439755 0.2290718186385166
1.821185 3.747476 8.439755 0.2188911006025682
1.824552 3.769373 9.439755 0.2009131632879174
1.856542 3.76533 10.439755 0.179215011052487
