1.082094 -3.769791 -0.839114 0.3923640110731362
1.061573 -3.766628 -0.489809 0.3379045046834812
1.047911 -3.735636 0.907773 0.295867462965862
1.041181 -3.719029 1.907773 0.2835311460279456
1.050154 -3.697935 2.907773 0.270407457972118
1.049257 -3.700179 3.907773 0.265873058192427
1.047462 -3.691202 4.907773 0.2665821450297122
1.059127 -3.696139 5.907773 0.2716360892418564
1.076176 -3.675942 6.907773 0.2600484069739886
1.097711 -3.648115 7.907773 0.2549325784671884
1.127322 -3.688509 8.907773 0.2531867516901484
1.130014 -3.685816 9.907773 0.2657043775573512
1.1345 -3.66921 10.907773 0.2468537291495654
1.156932 -3.673249 11.907773 0.2362062816464368
1.180711 -3.662477 12.907773 0.2274080048697348
1.104441 -3.706462 13.907773 0.178737070470507
1.117451 -3.701974 14.907773 0.161871993893427
1.12777 -3.688061 15.907773 0.1553090855156236
