-6.384024 3.800712 -0.474544 0.2621485071629404
-6.374273 3.807588 -0.895184 0.2870525199478048
-6.379447 3.807872 0.920817 0.2436808926371426
-6.378352 3.811889 1.920817 0.2375159911223208
-6.375066 3.819924 2.920817 0.2399044058927376
-6.37251 3.828324 3.920817 0.234487577820938
-6.369955 3.832341 4.920817 0.2283148670572198
-6.367765 3.835628 5.920817 0.2234577347114308
-6.369225 3.840741 6.920817 0.2182064973649826
-6.367399 3.843663 7.920817 0.2103942727619694
-6.369955 3.853523 8.920817 0.2058195038706084
-6.375796 3.855349 9.920817 0.20316870905173
-6.381272 3.859732 10.920817 0.1977170517324236
-6.378717 3.868497 11.920817 0.1864548431185222
-6.380177 3.871784 12.920817 0.180391888072646
-6.381272 3.868862 13.920817 0.1705225793720884
-6.384193 3.864845 14.920817 0.1654959472258514
-6.386383 3.860097 15.920817 0.152911639338795
-6.388208 3.854984 16.920817 0.1406268805087626
