2.893738 1.743789 -1.06312 0.4435162946860012
2.926944 1.746818 -0.633303 0.3716947872542548
2.972146 1.751001 0.767103 0.3365922383563886
2.996533 1.748363 1.767103 0.3227763185510708
3.007738 1.727264 2.767103 0.31680537253115
3.016965 1.712758 3.767103 0.3022751486057844
3.002465 1.692318 4.767103 0.280936566908067
2.977796 1.703621 5.767103 0.2786288502452434
2.963861 1.70023 6.767103 0.2826417584778154
2.973276 1.70136 7.767103 0.262566853197852
2.994368 1.707766 8.767103 0.2552974050043892
2.988718 1.690811 9.767103 0.2470935167412904
2.996251 1.672725 10.767103 0.2331589862526396
2.987212 1.658784 11.767103 0.221328489633913
2.976289 1.632787 12.767103 0.2000590432021158
2.972523 1.64522 13.767103 0.1725563182188674
2.972523 1.659915 14.767103 0.1461321508935708
