3.865424 6.371906 -1.186048 0.4321693349899428
3.853702 6.37873 -0.810518 0.386104837329651
3.877347 6.368507 0.589765 0.3626901425181448
3.883255 6.35905 1.589765 0.3460072808449728
3.898616 6.339543 2.589765 0.338358919043279
3.905706 6.33245 3.589765 0.3340524643269486
3.913977 6.329495 4.589765 0.3203846012171278
3.919885 6.331268 5.589765 0.3157099374215646
3.927565 6.331859 6.589765 0.308044358965258
3.946471 6.342499 7.589765 0.3048266187189502
3.963014 6.367325 8.589765 0.3050146488031762
3.996689 6.367325 9.589765 0.2820093527477942
4.01914 6.357276 10.589765 0.263495256621724
4.041 6.366143 11.589765 0.2546206514178094
4.067586 6.373827 12.589765 0.2330762804877122
4.078811 6.387422 13.589765 0.2487699759230866
