-1.14791 -1.932676 -1.893089 0.3204546114908552
-1.166684 -1.934004 -1.392839 0.2800147599756516
-1.154195 -1.911133 -0.011977 0.2438462191924
-1.164171 -1.915886 0.988023 0.2432356420869512
-1.1865 -1.912083 1.988023 0.2315089202852202
-1.196002 -1.903528 2.988023 0.2268575887479552
-1.184125 -1.898776 3.988023 0.2204820475688412
-1.176049 -1.903053 4.988023 0.2196126032777796
-1.164647 -1.913509 5.988023 0.2180998303802238
-1.153244 -1.933946 6.988023 0.2042667804466084
-1.166547 -1.938699 7.988023 0.2018759925655742
-1.166547 -1.944877 8.988023 0.1898287507815542
-1.160846 -1.944402 9.988023 0.1767990389119828
-1.160846 -1.936051 10.988023 0.1690069773730038
-1.148358 -1.939038 11.988023 0.1612870746294932
-1.1432 -1.947729 12.988023 0.1352709783061014
