5.148777 2.0189 -0.636524 0.4552535715129618
5.138041 1.985023 -0.233193 0.3762572248828788
5.130276 1.992341 1.165872 0.3303218772411554
5.148933 2.004784 2.165872 0.3159178151967274
5.14441 2.020621 3.165872 0.311140270455674
5.172114 2.022883 4.165872 0.3024426452691114
5.178898 2.037023 5.165872 0.2951489919323918
5.185117 2.022883 6.165872 0.29029338637146
5.177202 1.998563 7.165872 0.2845035637715804
5.170417 1.990079 8.165872 0.2810374799365012
5.177767 1.997431 9.165872 0.2651936474886062
5.189075 1.992907 10.165872 0.2600309309173524
5.200948 1.979332 11.165872 0.2527655242501672
5.203209 1.962364 12.165872 0.250874937615188
5.190206 1.954446 13.165872 0.2165529504318514
5.200382 1.947093 14.165872 0.2071174378456746
5.204905 1.913157 15.165872 0.2156888201409468
5.21169 1.889967 16.165872 0.194753336505566
5.175506 1.878089 17.165872 0.191379770003141
5.165894 1.87413 18.165872 0.1634205266374508
5.175183 1.892472 19.165872 0.1297031960720658
5.167106 1.884392 20.165872 0.1280440131824886
5.17066 1.884715 21.165872 0.1142262473348514
