2.671671 -4.079463 -1.41499 0.3359400071244604
2.679986 -4.090008 -1.029664 0.3001813633803836
2.66056 -4.124763 0.370235 0.2713078019020184
2.655604 -4.139088 1.370235 0.2609781879031554
2.648444 -4.137435 2.370235 0.2533914710390904
2.653952 -4.137986 3.370235 0.2489881224833612
2.653401 -4.134129 4.370235 0.2443823423018978
2.662763 -4.135231 5.370235 0.2343726895031206
2.663314 -4.136884 6.370235 0.2296052025719014
2.658908 -4.141842 7.370235 0.217030120132532
2.670395 -4.151523 8.370235 0.2144518718336898
2.679206 -4.147431 9.370235 0.1994984209559784
2.684556 -4.159394 10.370235 0.187426385939444
2.687389 -4.17482 11.370235 0.186765505960878
2.693997 -4.188358 12.370235 0.1766986942687764
2.699977 -4.20284 13.370235 0.1785516547856952
2.696515 -4.205359 14.370235 0.146152837632077
2.7176 -4.20284 15.370235 0.1311348306627574
2.731762 -4.225193 16.370235 0.1296521668249112
2.71225 -4.242193 17.370235 0.1216138208640958
