-3.741204 -5.51152 -0.850446 0.4150750162143554
-3.763919 -5.498216 -0.406753 0.3488431944890784
-3.799811 -5.50303 0.997608 0.3047041295934188
-3.806391 -5.506495 1.997608 0.2994147978345012
-3.816087 -5.494716 2.997608 0.2906685609938342
-3.816434 -5.499912 3.997608 0.286576655663347
-3.817126 -5.490559 4.997608 0.275453327636009
-3.814702 -5.50407 5.997608 0.2704474857023786
-3.820936 -5.513423 6.997608 0.267226875334929
-3.829939 -5.51862 7.997608 0.2537262824863048
-3.83548 -5.530745 8.997608 0.2506654665854736
-3.837212 -5.527974 9.997608 0.2404690960259696
-3.826823 -5.519313 10.997608 0.2297810652771362
-3.824399 -5.527281 11.997608 0.2150936941635894
-3.819204 -5.527974 12.997608 0.216003607331043
-3.844138 -5.537327 13.997608 0.2103019286822592
-3.813663 -5.543563 15.997608 0.1621029602338748
-3.838251 -5.521045 16.997608 0.1453550895439602
