-0.212495 -3.809924 -0.887911 0.3046360979008942
-0.221836 -3.828924 -0.353828 0.2466531172860276
-0.237049 -3.833882 1.045578 0.2416572645691202
-0.243366 -3.829689 2.0452 0.2316897317656162
-0.252469 -3.828233 3.0452 0.220879852187107
-0.266305 -3.829325 4.0452 0.209164880520794
-0.272859 -3.832239 5.0452 0.2014415944128912
-0.28451 -3.834425 6.0452 0.192776512103444
-0.288879 -3.838796 7.0452 0.184824633916973
-0.291064 -3.833332 8.0452 0.1787576832540238
-0.297981 -3.841345 9.0452 0.164343346964402
-0.304535 -3.848994 10.0452 0.1627721537473084
-0.310361 -3.84863 11.0452 0.1606272940728174
-0.330386 -3.840617 12.0452 0.1370645062606018
-0.321284 -3.839888 13.0452 0.1288550159343004
