2.733666 -1.319294 -0.772059 0.359037007576925
2.736291 -1.324072 -0.340871 0.3179220684789874
2.757718 -1.336412 1.059919 0.3131794841273558
2.764887 -1.331523 2.059919 0.3045084600125726
2.761628 -1.328589 3.059919 0.292548449895301
2.758044 -1.332501 4.059919 0.2897974893472578
2.770426 -1.324352 5.059919 0.2826060065038916
2.778572 -1.325981 6.059919 0.2775008093863262
2.780853 -1.335434 7.059919 0.2656998618464068
2.773033 -1.34391 8.059919 0.2595622059429074
2.766516 -1.345865 9.059919 0.2453386573310348
2.76228 -1.351407 10.059919 0.2350595213228348
2.751853 -1.348473 11.059919 0.2273439498808694
2.724157 -1.350429 12.059919 0.2131380311562788
2.72546 -1.334131 13.059919 0.2079379223684416
2.728718 -1.336738 14.059919 0.1812099323026108
2.72546 -1.333805 15.059919 0.1798997361280336
2.721224 -1.345539 16.059919 0.1597174441883284
2.712101 -1.349777 17.059919 0.1528368439364288
