2.459348 3.10948 -0.357671 0.4204412292364842
2.460764 3.148094 0.066261 0.3626937471967714
2.458639 3.225638 1.46193 0.3178242896263292
2.450899 3.256057 2.46193 0.3018195967979138
2.455046 3.273479 3.46193 0.300331002209206
2.456151 3.298644 4.46193 0.2870675940386146
2.461161 3.313088 5.46193 0.2904009888036484
2.460194 3.32567 6.46193 0.2793527556659892
2.457291 3.332929 7.46193 0.2711391231671104
2.45197 3.343092 8.46193 0.2631556818137328
2.452938 3.345512 9.46193 0.252828033391154
2.449068 3.349383 10.46193 0.2478193068320096
2.449551 3.346964 11.46193 0.2369166626047878
2.444714 3.335349 12.46193 0.2243303586858042
2.435039 3.338737 13.46193 0.2101632313435782
2.440084 3.349591 14.46193 0.2029604965085324
2.45197 3.342401 15.46193 0.1826014092977266
2.445336 3.331339 16.46193 0.1896902752308948
