1.592595 -0.539799 -0.697764 0.1955603763831146
1.594443 -0.561012 -0.295094 0.2067619336636488
1.574309 -0.571257 1.104699 0.194584405892971
1.561349 -0.574591 2.104699 0.1886850518722238
1.552462 -0.573109 3.104699 0.1740816322881922
1.553573 -0.567181 4.104699 0.1625925361460844
1.557276 -0.569404 5.104699 0.1622128615149236
1.561032 -0.577078 6.104699 0.1575723051865962
1.562301 -0.579619 7.104699 0.1495400271435358
1.573516 -0.584488 8.104699 0.1308295455667768
1.572669 -0.586181 9.104699 0.1272474101154174
1.573516 -0.589357 10.104699 0.1193837342009874
1.563359 -0.601635 11.104699 0.1072915201273846
1.550029 -0.587663 12.104699 0.0953952794605934
1.554261 -0.59973 13.104699 0.0802987443819526
