5.557907 1.779643 -0.307786 0.547762449947636
5.555983 1.779467 -0.08443 0.503075556185646
5.558597 1.774782 1.314785 0.3909305352638504
5.560299 1.779323 2.314785 0.3806443212088778
5.56654 1.794081 3.314785 0.3711062209005778
5.582995 1.796352 4.314785 0.3649014041525838
5.604557 1.795216 5.314785 0.363332469555288
5.624983 1.79919 6.314785 0.3517720328829834
5.642005 1.808272 7.314785 0.3453880743808692
5.659595 1.815083 8.314785 0.3408071540711838
5.662432 1.814516 9.314785 0.3283712936155776
5.648247 1.817354 10.314785 0.3217531128331106
5.653354 1.81338 11.314785 0.3120819169159068
5.659028 1.827004 12.314785 0.2953369742095216
5.678887 1.839491 13.314785 0.2899144005022086
5.697044 1.857088 14.314785 0.275386893143993
5.715201 1.879793 15.314785 0.2677371738740964
5.722577 1.895687 16.314785 0.2641773314918368
5.729953 1.926907 17.314785 0.2570045285988058
