2.4387 -4.760523 -1.25795 0.269597155335074
2.431127 -4.745598 -0.722398 0.2352292176775416
2.46358 -4.738801 0.680953 0.2081018247413296
2.460864 -4.734996 1.680953 0.2058288385885908
2.469558 -4.72956 2.680953 0.2063268572208016
2.480425 -4.723037 3.680953 0.19535509712885
2.499987 -4.717057 4.680953 0.1871033286494954
2.512485 -4.711078 5.680953 0.1913874641897296
2.521179 -4.722493 6.680953 0.1813194160253908
2.53096 -4.726299 7.680953 0.1802780026744918
2.52281 -4.727929 8.680953 0.1673255073440146
2.526148 -4.746878 9.680953 0.1526226488830012
2.543846 -4.763652 10.680953 0.1482960453633976
2.537015 -4.766448 11.680953 0.1404872906595264
2.528321 -4.754333 12.680953 0.1375305829326224
2.505331 -4.740085 14.67985 0.0929630112186736
