-1.071886 -0.35451 -0.654821 0.32956708930853
-1.046869 -0.335222 -0.186042 0.286490163642221
-0.995986 -0.306122 1.2158 0.263785611085899
-0.978954 -0.275506 2.2158 0.2563501175450268
-0.985075 -0.248616 3.2158 0.252851555802478
-0.976559 -0.222792 4.2158 0.2392369007449176
-0.958129 -0.207683 5.2158 0.2325510677954492
-0.94775 -0.181593 6.2158 0.2282181820487286
-0.935775 -0.161359 7.2158 0.2238384104491338
-0.920339 -0.141392 8.2158 0.2147981334919662
-0.935509 -0.127281 9.2158 0.2090886085875334
-0.934178 -0.11823 10.2158 0.207127786852323
-0.939234 -0.101191 11.2158 0.2006621925654216
-0.951742 -0.078295 12.2158 0.1910122062545194
-0.96904 -0.078827 13.2158 0.1675027469224594
-0.957331 -0.077762 14.2158 0.1461658532093318
-0.965847 -0.075633 15.2158 0.1545646400380764
-0.940299 -0.077496 16.2158 0.133803052043619
-0.932581 -0.082821 17.2158 0.131604353730062
