8.177183 0.751421 -0.640676 0.295202582725042
8.198116 0.741322 -0.148489 0.2519252781381962
8.207486 0.703167 1.249567 0.2482862896499422
8.208381 0.676318 2.249567 0.2372090314125516
8.220906 0.65991 3.249567 0.23136579234752
8.228957 0.637238 4.249567 0.2199949520176288
8.234027 0.625901 5.249567 0.2140220064669324
8.241184 0.615758 6.249567 0.2077779221886814
8.250428 0.604124 7.249567 0.1959783308927386
8.252217 0.590401 8.249567 0.1891001463088458
8.262058 0.577274 9.249567 0.179293091724168
8.265637 0.562358 10.249567 0.1711750487695024
8.271601 0.556093 11.249567 0.158142511194843
8.274583 0.546249 12.249567 0.1448560539358312
8.280206 0.528807 13.249567 0.1370624391643814
8.278715 0.521946 14.249567 0.1288253197680902
8.275435 0.511803 15.249567 0.124468206286252
8.263208 0.511206 16.249567 0.130796372948205
8.259928 0.501362 17.249567 0.11512895131123
