-3.159549 -2.303852 -1.118674 0.34376492713551
-3.165999 -2.297704 -0.624014 0.3036218057044662
-3.156463 -2.31723 0.776724 0.280039042002831
-3.158356 -2.308232 1.776724 0.2879991191413344
-3.169243 -2.301603 2.776724 0.2706376603843368
-3.186757 -2.304917 3.776724 0.2751032446315388
-3.201905 -2.308706 4.776724 0.266077899339849
-3.223679 -2.312494 5.776724 0.2605486698519762
-3.239773 -2.3106 6.776724 0.2583725154271356
-3.255394 -2.312021 7.776724 0.2421011446306974
-3.270068 -2.317703 8.776724 0.2409884739350388
-3.292789 -2.316282 9.776724 0.2303621071025878
-3.303676 -2.312021 10.776724 0.2187110769745704
-3.314564 -2.303497 11.776724 0.210558972573714
-3.337285 -2.300656 12.776724 0.199432689038952
-3.362373 -2.300656 13.776724 0.1956690678256884
-3.366633 -2.298288 14.776724 0.1809115544484546
-3.395034 -2.307285 15.776724 0.1789756109713758
-3.408288 -2.304917 16.776724 0.1652524752204364
-3.406868 -2.322912 17.776724 0.1471317978056586
-3.425802 -2.316756 18.776724 0.1322810111215774
-3.441423 -2.312494 19.776724 0.1159110151102842
