3.981356 -3.807862 -1.342546 0.4866051253581898
3.971209 -3.822257 -0.994721 0.4519560570130312
3.936387 -3.859596 0.396745 0.3903307591216068
3.921647 -3.874341 1.396745 0.3955057570817994
3.91404 -3.90621 2.396745 0.3621366179415626
3.907859 -3.910967 3.396745 0.3570861353977174
3.907859 -3.910015 4.396745 0.3410106542268298
3.909761 -3.913821 5.396745 0.3291507403936276
3.910236 -3.911442 6.396745 0.3183100749898234
3.914515 -3.915247 7.396745 0.3077471558758832
3.922123 -3.925236 8.396745 0.3026952327682874
3.922598 -3.933798 9.396745 0.281887415746613
3.917368 -3.934274 10.396745 0.2713864695698958
3.919745 -3.93903 11.396745 0.2628179637751274
3.918319 -3.949494 12.396745 0.2544102149364228
3.9245 -3.937603 13.396745 0.2380862319234538
3.932583 -3.951397 14.396745 0.2222421590511604
3.918319 -3.96091 15.396745 0.2036231786180894
3.918794 -3.963288 16.396745 0.199153381905684
3.914515 -3.962813 17.396745 0.1740883973758204
