-0.529771 2.588392 -0.989801 0.3012823361024252
-0.497311 2.618612 -0.556919 0.2824720634564602
-0.431675 2.622409 0.845983 0.2394814065889986
-0.394597 2.621515 1.845983 0.2389898445066884
-0.376728 2.608555 2.845983 0.2279281065306562
-0.361093 2.599617 3.845983 0.2265317216893272
-0.351712 2.569675 4.845983 0.2204126698109884
-0.349478 2.54599 5.845983 0.2131809455254426
-0.348585 2.56029 6.845983 0.2055373542174664
-0.335183 2.582188 7.845983 0.2087204622482176
-0.311507 2.600511 8.845983 0.1953372761124702
-0.287831 2.614365 9.845983 0.1795171695773212
-0.273536 2.61794 10.845983 0.1788349022103392
-0.25254 2.628219 11.845983 0.1675605687093452
-0.220376 2.601405 12.845983 0.1303432999062842
