-3.905006 2.155923 -0.746634 0.3468592016926698
-3.910819 2.139365 -0.342964 0.32714861026214
-3.925687 2.079168 1.060518 0.278098972302481
-3.940394 2.060904 2.060518 0.2711869262618732
-3.934816 2.076631 3.060518 0.2621638088698224
-3.945972 2.097432 4.060518 0.2546585603732888
-3.957129 2.103519 5.060518 0.251643951713445
-3.961186 2.122798 6.060518 0.245474388311067
-3.963722 2.14512 7.060518 0.2404458736046318
-3.989078 2.150701 8.060518 0.236409157058641
-3.979443 2.157296 9.060518 0.2231282847353178
-3.969808 2.151208 10.060518 0.2140571913263874
-3.968286 2.132437 11.060518 0.2116441207424958
-3.970822 2.133452 12.060518 0.2057436276377136
-3.980964 2.123305 13.060518 0.2021518005345646
-3.985529 2.12432 14.060518 0.1864040647776814
-4.008856 2.125842 16.060518 0.1712366824806854
-4.04537 2.111129 17.060518 0.1581519773586316
