8.131794 2.507866 -0.076808 0.4642986714369122
8.126759 2.511415 0.290389 0.3886492707810208
8.130776 2.520463 1.883854 0.351337228396378
8.117769 2.539721 2.883854 0.342863769310158
8.104241 2.552733 3.883854 0.3322339211935148
8.10216 2.544405 4.883854 0.3197934918776268
8.095396 2.558979 5.883854 0.3166663820200912
8.116728 2.557938 6.883854 0.3029236363636364
8.107363 2.556377 7.883854 0.293739230471642
8.100599 2.555336 8.883854 0.2902589878683156
8.095396 2.568348 9.883854 0.2844453266460522
8.094876 2.574073 10.883854 0.2747605166086854
8.090194 2.58136 11.883854 0.2732505864688226
8.10268 2.569389 12.883854 0.2554270032555426
8.094356 2.572512 13.883854 0.2406449393553596
8.093315 2.587085 14.883854 0.2455654616573066
8.119329 2.583442 15.883854 0.2374450072589884
8.113606 2.595413 16.883854 0.2235086485382438
8.099559 2.601659 17.883854 0.1959217783083494
8.109444 2.602179 18.883854 0.1952591857466364
8.10216 2.599577 19.883854 0.169930013454249
8.116728 2.601138 20.883854 0.162666198264089
