6.998433 4.160603 -0.387303 0.4786813487827574
6.994662 4.155944 0.082916 0.3866978512876698
6.977973 4.140439 1.686841 0.3511648262620152
6.9759 4.1515 2.686841 0.3372385835539152
6.992946 4.159796 3.686841 0.3267227209001036
7.004003 4.163483 4.686841 0.327860370122699
7.013678 4.163944 5.686841 0.319640372728802
7.018746 4.15657 6.686841 0.311562779488553
7.019667 4.167631 7.686841 0.3066021954723164
7.036252 4.175927 8.686841 0.3026172671461846
7.04777 4.178693 9.686841 0.2905672174509432
7.044085 4.170397 10.686841 0.2855824122031568
7.061131 4.180536 12.686841 0.2795300977972672
7.065277 4.165327 13.686841 0.2456212998751444
7.076334 4.173162 14.686841 0.2469486256062618
7.078177 4.165788 15.686841 0.2183352556099262
