-3.431711 7.706909 -0.297833 0.4180211490235288
-3.392797 7.688753 -0.677148 0.4786565230000684
-3.476806 7.697353 1.106493 0.3228407991294606
-3.505505 7.680822 2.106493 0.3175799647398128
-3.527247 7.674732 3.106493 0.3135828459745124
-3.555947 7.661682 4.106493 0.2934168379145836
-3.560295 7.651241 5.106493 0.2787412977954904
-3.582907 7.652981 6.106493 0.2746100698575862
-3.584647 7.652111 7.106493 0.2651373947158362
-3.601171 7.652111 8.106493 0.2515844089580402
-3.594213 7.637321 9.106493 0.2438783162884074
-3.605146 7.61644 10.106493 0.2430118289219406
-3.618564 7.595559 11.106493 0.2467384780809562
-3.619558 7.591582 12.106493 0.231279847677871
-3.620055 7.581639 13.106493 0.2225459924034462
