1.610159 2.3245 -1.049939 0.314318530546031
1.561198 2.349192 -0.514048 0.243646311700052
1.524539 2.349725 0.878879 0.2032644012313272
1.49823 2.354179 1.878879 0.1973770603769598
1.493373 2.357418 2.878879 0.1974542065379498
1.48973 2.361872 3.878879 0.1927773515583446
1.483659 2.363491 4.878879 0.191571184797259
1.475159 2.367945 5.878879 0.183377544170233
1.472731 2.37078 6.878879 0.1789698512833596
1.47435 2.372399 7.878879 0.1823491218975934
1.467874 2.375639 8.878879 0.1712470827647094
1.476778 2.373209 9.878879 0.161153847988184
1.490135 2.368755 10.878879 0.1584028391183424
1.496206 2.363087 11.878879 0.1479549347822092
1.508753 2.352964 12.878879 0.1506038182512444
1.509968 2.34932 13.878879 0.1386625784934916
1.538705 2.331504 15.878879 0.1093520896410944
