-1.434939 0.702913 -0.714009 0.4230036807935558
-1.433222 0.69889 -0.222464 0.3431646352931584
-1.420386 0.684819 1.173428 0.3185677327629462
-1.412256 0.667846 2.173428 0.313870239007729
-1.404834 0.660421 3.173428 0.3081711911950628
-1.387161 0.646984 4.173428 0.294725524522912
-1.380799 0.63673 5.173428 0.2863878849412612
-1.379738 0.623647 6.173428 0.2810181495859034
-1.379031 0.617635 7.173428 0.2683021816760962
-1.373376 0.601016 8.173428 0.2615495138761676
-1.368428 0.601724 9.173428 0.2510782221977998
-1.363479 0.595712 10.173428 0.240491917984376
-1.3656 0.584751 11.173428 0.2280385091057958
-1.352876 0.582629 13.173428 0.1981377448163964
-1.343686 0.579447 14.173428 0.1830277593750276
-1.348988 0.567425 15.173428 0.1560894994302778
