0.460106 -3.659851 -1.167512 0.324674706377219
0.450539 -3.666964 -0.748998 0.2948847060819578
0.446386 -3.693491 0.650239 0.2661664218333702
0.450177 -3.709352 1.650239 0.2621956096228474
0.453624 -3.72211 2.650239 0.2493494926618256
0.456726 -3.722455 3.650239 0.2373551580195276
0.454658 -3.729695 4.650239 0.2346303519265786
0.455692 -3.735212 5.650239 0.2274885886309632
0.463275 -3.738316 6.650239 0.2212326101624936
0.477061 -3.736936 7.650239 0.2114700028824144
0.476372 -3.735557 8.650239 0.2039437968828612
0.469823 -3.727627 9.650239 0.186077713532572
0.47844 -3.716593 10.650239 0.1838986461839382
0.491193 -3.689009 12.650239 0.1694632178127262
