-3.748505 -2.144951 -0.258295 0.391195547181183
-3.737435 -2.139771 0.249127 0.3239337957160784
-3.747874 -2.15691 1.653069 0.2899190209060566
-3.755809 -2.149793 2.653069 0.2856238904081806
-3.753346 -2.149519 3.653069 0.2766365080785644
-3.761007 -2.136927 4.653069 0.2717317682271146
-3.754167 -2.121597 5.653069 0.2727157021406438
-3.755535 -2.145139 6.653069 0.2680273514355892
-3.743496 -2.142128 7.653069 0.2518264281158256
-3.718598 -2.121597 8.653069 0.2395771996276872
-3.719693 -2.122692 9.653069 0.2369746599774406
-3.710937 -2.102709 10.653069 0.2235141187282962
-3.695068 -2.087653 11.653069 0.2104092680358644
-3.694521 -2.064111 12.653069 0.2061788382123626
-3.686586 -2.043307 13.653069 0.1877211638705614
