-5.494581 6.245856 -0.726487 0.3536034052458966
-5.510064 6.237155 -0.265854 0.2933942788689234
-5.536596 6.22878 1.133061 0.2599951253122264
-5.544784 6.228349 2.133061 0.2499318917266664
-5.550817 6.223176 3.133061 0.2463789655713622
-5.548231 6.216278 4.133061 0.2392386344057042
-5.541767 6.205501 5.133061 0.233020303436777
-5.525392 6.192999 6.133061 0.2228878317481504
-5.509448 6.190413 7.133061 0.2279033648087266
-5.505139 6.179204 8.133061 0.2204021623598178
-5.50557 6.183946 9.133061 0.2134279162818028
-5.507293 6.197741 10.133061 0.2137060672717908
-5.509879 6.202483 11.133061 0.2054713986720196
-5.446964 6.220589 12.133061 0.1907715044432428
-5.433174 6.199035 13.133061 0.1791174918974246
