2.297524 -3.122471 -0.963755 0.2906677996572216
2.268982 -3.134297 -0.414969 0.2446700661446036
2.247868 -3.160831 0.991422 0.2275582843026754
2.252672 -3.158962 1.991422 0.2230241171860446
2.260679 -3.157627 2.991422 0.2153881054788598
2.263081 -3.14935 3.991422 0.2153030063103924
2.267885 -3.155758 4.991422 0.208008340556648
2.275891 -3.15202 5.991422 0.2079001459463084
2.2855 -3.153355 6.991422 0.1955085476638254
2.297777 -3.145879 7.991422 0.194653665022065
2.300712 -3.138136 8.991422 0.1836553054376608
2.303381 -3.137335 9.991422 0.1726268488357054
2.29751 -3.134398 10.991422 0.1630015586634068
2.28977 -3.138403 11.991422 0.1496468476992866
2.293506 -3.139204 12.991422 0.1354964424441346
2.302848 -3.133063 13.991422 0.1371837613710414
2.283898 -3.138136 14.991422 0.1149571165448638
