-1.56397 -1.054782 -1.110491 0.3264350970364072
-1.552112 -1.071294 -0.69253 0.3036458269034554
-1.535508 -1.09407 0.7089 0.2780436667870852
-1.523286 -1.108255 1.7089 0.2729440791100124
-1.514975 -1.118038 2.7089 0.265025207944071
-1.50373 -1.121462 3.7089 0.2610348131933742
-1.504289 -1.122161 4.7089 0.2519718885176564
-1.496745 -1.124397 5.7089 0.2491028308220858
-1.494231 -1.124397 6.7089 0.2418383615777908
-1.488085 -1.124956 7.7089 0.2386499431939928
-1.480542 -1.122161 8.7089 0.2313769356709452
-1.471602 -1.12859 9.7089 0.2241380268383336
-1.462662 -1.124677 10.7089 0.2117017112196064
-1.456516 -1.126913 11.7089 0.1898474712060012
