-3.474318 -3.913678 -2.868275 0.2313262349865902
-3.505146 -3.901259 -2.355946 0.2026216153052942
-3.563297 -3.890721 -0.947693 0.1885082372419396
-3.581403 -3.879852 0.052307 0.1799554052131306
-3.578906 -3.86436 1.052307 0.1810091879882936
-3.556429 -3.844371 2.052307 0.1658011455401948
-3.56492 -3.843372 3.052307 0.161601399204579
-3.563921 -3.838374 4.052307 0.1456765942088734
-3.567917 -3.853866 5.052307 0.1342033710640232
-3.570914 -3.86586 6.052307 0.1267169154928156
-3.560924 -3.850368 7.052307 0.1102429267093106
-3.549436 -3.857364 8.052307 0.0992339858678486
