-2.484496 -1.727412 -0.682794 0.2923186545764782
-2.45319 -1.729657 -0.177901 0.2497886149949992
-2.423614 -1.71743 1.225435 0.2306129533260284
-2.41261 -1.726237 2.225435 0.2215454579083134
-2.400872 -1.729907 3.225435 0.2198570625482618
-2.396471 -1.740917 4.225435 0.2156767040564374
-2.395004 -1.757064 5.225435 0.2106746965992014
-2.399405 -1.767339 6.225435 0.2120556398422906
-2.381065 -1.784954 7.225435 0.2024427344824466
-2.397204 -1.795964 8.225435 0.1885605945525016
-2.389135 -1.805505 9.225435 0.1815753836953756
-2.393536 -1.816515 10.225435 0.1807850788713868
-2.397938 -1.825322 11.225435 0.1734969040045798
-2.407475 -1.821653 12.225435 0.1540124087093638
-2.417011 -1.845873 13.225435 0.1534003662443064
