5.725734 -1.001389 -0.201761 0.3460874250489798
5.72598 -1.004364 0.25275 0.3071766294999166
5.734048 -0.987039 1.650212 0.2820045533630534
5.73661 -0.984109 2.650212 0.2775413075861696
5.738806 -0.970194 3.650212 0.2716950422778762
5.739172 -0.964701 4.650212 0.2597743850169454
5.737342 -0.969828 5.650212 0.253776833597439
5.738806 -0.972025 6.650212 0.2531791551191834
5.733316 -0.97056 7.650212 0.2426229699365824
5.72746 -0.968363 8.650212 0.2379798224887586
5.72197 -0.965067 9.650212 0.2293884048605432
5.717577 -0.967631 10.650212 0.2246669105284508
5.711355 -0.970926 11.650212 0.2151225645993746
5.708793 -0.973124 12.650212 0.2066138365808532
5.708427 -0.97056 13.650212 0.202722571275894
5.705865 -0.963602 14.650212 0.2010428767709018
5.704035 -0.966532 15.650212 0.193607300209144
5.700009 -0.969828 16.650212 0.1920147248793348
5.703303 -0.968729 17.650212 0.1796592738579474
5.695983 -0.986673 18.650212 0.1359347364913132
