-6.334104 -5.915336 -0.146367 0.218187868189298
-6.343555 -5.924853 0.362584 0.200332210251984
-6.368402 -5.921513 1.765297 0.189001811671447
-6.366428 -5.914296 2.765297 0.1858838025409946
-6.363695 -5.908218 3.765297 0.1810056305100842
-6.371895 -5.908218 4.765297 0.1782529051772716
-6.384349 -5.904876 5.765297 0.167659586385285
-6.389816 -5.90366 6.765297 0.1595394100325494
-6.381615 -5.904572 7.765297 0.1526895354790696
-6.389816 -5.907003 8.765297 0.145764606514913
-6.400447 -5.906699 9.765297 0.1413928881899282
-6.399535 -5.904572 10.765297 0.1285133331534026
-6.401662 -5.897278 11.765297 0.1099952361260732
-6.40318 -5.893024 13.765297 0.0943371845694696
-6.415937 -5.883907 14.765297 0.0842567113257072
