-7.571037 -0.282993 -0.806569 0.397109356586136
-7.579599 -0.298458 -0.504841 0.3460691586523166
-7.607819 -0.314411 0.91449 0.3060313063775204
-7.61841 -0.316765 1.91449 0.2985976755486996
-7.635474 -0.333247 2.91449 0.2780970456009984
-7.650772 -0.353261 3.91449 0.271342350657814
-7.663129 -0.381515 4.91449 0.2702767639749726
-7.679016 -0.396231 5.91449 0.2722925595977924
-7.683134 -0.418599 6.91449 0.2536337999637494
-7.691372 -0.436259 7.91449 0.2452968381752924
-7.690195 -0.445088 8.91449 0.230156039550581
-7.693137 -0.456272 9.91449 0.2212399216559192
-7.721381 -0.46569 10.91449 0.2124284030574234
-7.737856 -0.476874 11.91449 0.1801227565365416
-7.748447 -0.468634 12.91449 0.1823301828496202
-7.738444 -0.480995 13.91449 0.1477084631076776
-7.750801 -0.470988 14.91449 0.1544746489401242
