-5.476624 -3.060804 -0.914949 0.3153983949522794
-5.478662 -3.064475 -0.455257 0.275046497269658
-5.487897 -3.087278 0.944229 0.2450107409168058
-5.47576 -3.094199 1.944229 0.2404785787016252
-5.479671 -3.118068 2.944229 0.2258609748914228
-5.476542 -3.116111 3.944229 0.2206252966852612
-5.471458 -3.11259 4.944229 0.2192498090649784
-5.468329 -3.117285 5.944229 0.2121550970714898
-5.460506 -3.124328 6.944229 0.2067503153002342
-5.453466 -3.129023 7.944229 0.2049798227232008
-5.457768 -3.13724 8.944229 0.204470114123281
-5.453075 -3.132936 9.944229 0.1948860813736268
-5.455421 -3.138414 10.944229 0.1924502503715172
-5.442514 -3.139979 11.944229 0.1659570563053772
-5.442905 -3.147023 12.944229 0.1567395206814136
-5.458159 -3.160326 13.944229 0.1544945143360258
-5.468329 -3.163456 14.944229 0.152542479619063
-5.466373 -3.167369 15.944229 0.1324329550095422
-5.487885 -3.185368 16.944229 0.1363225096993406
-5.48945 -3.179108 18.944229 0.104731439055115
