1.900823 -6.355131 -0.272095 0.3476122147339198
1.934429 -6.381484 0.274664 0.2616268493149518
1.959636 -6.365366 1.673856 0.2399892208519306
1.96873 -6.357121 2.673856 0.2337170757466134
1.973561 -6.359111 3.673856 0.2281013974013902
1.972424 -6.356837 4.673856 0.2194409479086414
1.97214 -6.353425 5.673856 0.2121044483982726
1.973277 -6.353141 6.673856 0.2063099415536328
1.977255 -6.367641 7.673856 0.1956169024017384
1.981518 -6.371622 8.673856 0.191350214624902
1.979245 -6.373612 9.673856 0.1684720438856922
1.988338 -6.383279 10.673856 0.161549890090589
2.004821 -6.367072 11.673856 0.1354688109582424
1.984076 -6.370484 12.673856 0.1185715356005596
2.014483 -6.361955 13.673856 0.1101034483749678
2.009652 -6.361102 14.673856 0.0958767255830186
1.993169 -6.364798 16.673856 0.0688060006868386
