-2.129168 4.326959 -1.714779 0.4813639278937818
-2.133264 4.341587 -1.361351 0.4034928812444708
-2.146287 4.300579 0.046648 0.349986631963298
-2.15303 4.29817 1.046648 0.3416899543913776
-2.146287 4.299615 2.046648 0.3364105712805752
-2.145806 4.296243 3.046648 0.3186245153967108
-2.144361 4.28179 4.046648 0.3068818929760026
-2.153511 4.267819 5.046648 0.2974224823077006
-2.170848 4.261074 6.046648 0.288860413612782
-2.179998 4.257702 7.046648 0.2773240589414734
-2.173737 4.252884 8.046648 0.2601539905077048
-2.169885 4.240358 9.046648 0.2519988351896026
-2.173256 4.223978 10.046648 0.2367623461774128
-2.1747 4.212897 11.046648 0.2326797197773708
-2.166995 4.20278 12.046648 0.2279568517047694
-2.147732 4.185437 13.046648 0.2119773255988702
-2.136656 4.163275 14.046648 0.2076063444152244
-2.13473 4.138705 16.046648 0.1540896309457164
