-2.594394 -5.439979 -0.687174 0.4330956448167476
-2.606093 -5.431316 -0.458186 0.4006958462871684
-2.648552 -5.388036 0.935714 0.3445199129465942
-2.654415 -5.365064 1.935714 0.3307655223871
-2.656369 -5.357243 2.935714 0.3284800405942666
-2.654415 -5.359687 3.935714 0.3169920248614594
-2.651483 -5.357732 4.935714 0.3075045234195818
-2.644643 -5.355288 5.935714 0.2988453572074542
-2.646109 -5.355777 6.935714 0.298938149928241
-2.654415 -5.351378 7.935714 0.2864663153267366
-2.662721 -5.347956 8.935714 0.2797936482899896
-2.668095 -5.344535 9.935714 0.2648018380994674
-2.663698 -5.351378 10.935714 0.257510562761457
-2.665164 -5.343068 11.935714 0.237958378698161
-2.665164 -5.332804 12.935714 0.2321137703076982
-2.662721 -5.334759 13.935714 0.2186177187491262
-2.663698 -5.341113 14.935714 0.2147749339241942
-2.667118 -5.344535 15.935714 0.189681058858098
-2.663698 -5.337203 17.935714 0.1527361591031346
