-0.938704 -1.874227 -0.518898 0.3455967983421648
-0.965448 -1.849366 -0.13564 0.299776501676787
-0.98678 -1.842894 1.268333 0.2580601763784266
-0.982863 -1.846813 2.268333 0.253087714049572
-0.98221 -1.849752 3.268333 0.247812808326927
-0.980577 -1.848119 4.268333 0.249026981076756
-0.98123 -1.851712 5.268333 0.2418802745343444
-0.978619 -1.855958 6.268333 0.2375006925936964
-0.975027 -1.862816 7.268333 0.2361056358928712
-0.975027 -1.869348 8.268333 0.2269902877830856
-0.971763 -1.873921 9.268333 0.2213698667409648
-0.969151 -1.886005 10.268333 0.2128868377410078
-0.969478 -1.896129 11.268333 0.2009097301737234
-0.966866 -1.905274 12.268333 0.1977445624779174
-0.963601 -1.917358 13.268333 0.1848558545856382
