-0.848878 -0.305194 -0.746828 0.2707055770605726
-0.853668 -0.286675 -0.234938 0.231160735839288
-0.861967 -0.275452 1.172297 0.2122061518765796
-0.863146 -0.267786 2.172297 0.207162577965438
-0.867862 -0.270735 3.172297 0.2046685464519494
-0.861378 -0.263658 4.172297 0.2014652777126242
-0.857252 -0.265428 5.172297 0.2010797513104602
-0.851357 -0.257762 6.172297 0.1845916212897518
-0.841926 -0.254813 7.172297 0.1804508910767404
-0.840157 -0.259531 8.172297 0.1717154140717066
-0.850178 -0.253634 9.172297 0.1630094290079354
