-3.419767 -3.738987 -0.900058 0.4432343149659218
-3.431225 -3.763285 -0.465526 0.405321020415494
-3.377404 -3.825063 0.939507 0.3432277234541366
-3.351247 -3.83644 1.939507 0.3202259242217338
-3.328502 -3.845542 2.939507 0.3077546524860316
-3.315992 -3.847817 3.939507 0.2981099490779294
-3.309168 -3.843267 4.939507 0.302134709294833
-3.302623 -3.834954 5.939507 0.2838520250458376
-3.277929 -3.830403 6.939507 0.2838873997857234
-3.254533 -3.831054 7.939507 0.2780024826904912
-3.253884 -3.823902 8.939507 0.2631404292648284
-3.259732 -3.814801 9.939507 0.2619085593901776
-3.257133 -3.8135 10.939507 0.2559736919167388
-3.268181 -3.795947 11.939507 0.2149335477641962
-3.259082 -3.801798 12.939507 0.2075959754668174
-3.247385 -3.799848 14.939507 0.1721445856865666
