0.730942 -5.435842 -0.693891 0.3585540149684742
0.746883 -5.501916 -0.28142 0.2921183938205168
0.790869 -5.601277 1.110555 0.241593822605362
0.780472 -5.641788 2.110555 0.2423093944876768
0.760772 -5.653284 3.110555 0.2303006368358544
0.755299 -5.66259 4.110555 0.2279166057796328
0.782113 -5.675729 5.110555 0.2257375182529554
0.795247 -5.68613 6.110555 0.2198679877337266
0.79853 -5.695437 7.110555 0.2130234864721504
0.816589 -5.719524 8.110555 0.2009925184283266
0.80838 -5.722809 9.110555 0.1975441773499292
0.799625 -5.721714 10.110555 0.1838143376067026
0.79853 -5.721167 11.110555 0.1712258175990978
0.810022 -5.746349 12.110555 0.1663568107756034
0.802361 -5.761677 13.110555 0.1550843016855642
