6.529062 2.278297 -0.855413 0.2561426771027888
6.540744 2.287389 -0.318802 0.2301396894459262
6.556974 2.295502 1.084173 0.2144140830063272
6.566649 2.298986 2.084173 0.2063784825850022
6.56394 2.303632 3.084173 0.1968351310679964
6.559683 2.286984 4.084173 0.1928882707526194
6.548846 2.289694 5.084173 0.187337827933245
6.541106 2.30247 6.084173 0.1799039451899796
6.54188 2.314859 7.084173 0.1707880016343244
6.553104 2.33112 8.084173 0.1602823937712286
6.562779 2.342347 9.084173 0.15586608091956
6.560844 2.338863 10.084173 0.1441460857334494
6.568971 2.347768 11.084173 0.1363333399923914
6.574002 2.349316 12.084173 0.1214392235838168
6.58329 2.350865 13.084173 0.112594961260176
6.596835 2.351252 14.084173 0.1036205327210442
