4.909173 4.126022 -0.393045 0.4477441856248106
4.904173 4.108191 0.04017 0.3872399268909938
4.927713 4.108535 1.437097 0.3272827299292708
4.956299 4.119401 2.437477 0.3195904078699732
4.976786 4.116541 3.437477 0.3113432215079124
4.99632 4.115588 4.437477 0.3078288788871168
5.011566 4.114158 5.437477 0.2997619702035018
5.026812 4.111298 6.437477 0.2932658669726934
5.040152 4.106532 7.437477 0.29205214094162
5.067785 4.100812 8.437477 0.2821284356847106
5.076838 4.088897 9.437477 0.2745366073102152
5.087796 4.079364 10.437477 0.2690213653455072
5.103042 4.081747 11.437477 0.2684358781315254
5.118356 4.078819 12.437477 0.2507639304826706
5.122712 4.074462 13.437477 0.2448185440136398
5.124345 4.070376 14.437477 0.2386051745106794
5.121895 4.08236 15.437477 0.223896061854571
5.097665 4.08236 16.437477 0.1955096409328778
5.096031 4.092165 17.437477 0.186535842512307
5.103382 4.098429 18.437477 0.1756736282308964
