-5.489739 0.944856 -0.66309 0.3591947718671296
-5.495301 0.956353 -0.136248 0.30431487548519
-5.512807 0.96511 1.264792 0.278037503778149
-5.533088 0.957544 2.264792 0.2698945732712908
-5.547526 0.956512 3.264792 0.2612520331334628
-5.56162 0.953761 4.264792 0.2596075501341308
-5.578807 0.943789 5.264792 0.2493284343206398
-5.595651 0.941725 6.264792 0.2430354605729852
-5.608714 0.933816 7.264792 0.2385160485014622
-5.630714 0.933472 8.264792 0.2324351602306108
-5.637933 0.929001 9.264792 0.220643201764464
-5.653402 0.922124 10.264792 0.209820426471069
-5.657183 0.925219 11.264792 0.2032930142631036
-5.669214 0.926938 12.264792 0.194394615189022
-5.678839 0.924187 13.264792 0.184905218080582
-5.680902 0.921436 14.264792 0.1734302751637094
-5.685027 0.923155 15.264792 0.1597468064476896
-5.686058 0.924531 16.264792 0.152019609562911
-5.687089 0.93244 17.264792 0.1342366861205184
